# Extended down from 0.31 to 0.10 
# to allow for wavelength grids below 0.3 microns
1.00000e-01 9.73000e-01
3.10000e-01 9.73000e-01
3.20000e-01 9.74000e-01
3.30000e-01 9.74000e-01
3.40000e-01 9.74000e-01
3.50000e-01 9.78000e-01
3.60000e-01 9.79000e-01
3.70000e-01 9.78000e-01
3.80000e-01 9.77000e-01
4.00000e-01 9.82000e-01
4.15000e-01 9.81000e-01
4.49000e-01 9.82000e-01
4.77000e-01 9.83000e-01
4.82000e-01 9.82000e-01
5.00000e-01 9.82000e-01
5.12000e-01 9.81000e-01
5.23000e-01 9.81000e-01
5.40000e-01 9.81000e-01
5.53000e-01 9.78000e-01
5.67000e-01 9.79000e-01
5.81000e-01 9.78000e-01
5.92000e-01 9.78000e-01
6.00000e-01 9.72000e-01
6.05000e-01 9.72000e-01
6.17000e-01 9.76000e-01
6.22000e-01 9.73000e-01
6.30000e-01 9.72000e-01
6.38000e-01 9.70000e-01
6.54000e-01 9.66000e-01
6.68000e-01 9.63000e-01
6.81000e-01 9.59000e-01
7.08000e-01 9.56000e-01
7.25000e-01 9.50000e-01
7.38000e-01 9.29000e-01
7.39000e-01 9.32000e-01
7.68000e-01 9.26000e-01
7.74000e-01 9.25000e-01
8.01000e-01 9.09000e-01
8.31000e-01 9.15000e-01
8.58000e-01 8.95000e-01
8.69000e-01 9.02000e-01
8.89000e-01 8.64000e-01
9.00000e-01 8.81000e-01
9.40000e-01 8.67000e-01
9.51000e-01 8.46000e-01
9.67000e-01 8.41000e-01
9.89000e-01 7.82000e-01
9.99000e-01 7.60000e-01
1.02900e+00 7.48000e-01
1.04300e+00 7.50000e-01
1.05200e+00 7.64000e-01
1.07800e+00 7.81000e-01
1.09900e+00 7.80000e-01
1.11700e+00 7.73000e-01
1.12900e+00 7.68000e-01
1.13300e+00 7.50000e-01
1.14400e+00 7.50000e-01
1.17300e+00 6.78000e-01
1.20000e+00 7.09000e-01
1.20700e+00 5.94000e-01
1.23900e+00 5.47000e-01
1.28900e+00 5.50000e-01
1.33300e+00 5.48000e-01
1.36400e+00 5.03000e-01
1.40000e+00 5.08000e-01
1.40900e+00 5.16000e-01
1.50000e+00 1.45000e-01
1.60000e+00 1.62000e-01
1.70000e+00 2.45000e-01
1.80000e+00 3.23000e-01
1.90000e+00 3.01000e-01
2.00000e+00 6.20000e-02
2.15000e+00 1.39000e-01
2.25000e+00 2.06000e-01
2.38000e+00 1.33000e-01
2.45000e+00 9.80000e-02
2.50000e+00 8.70000e-02
