4.00000e-01 8.38481e-02
4.02002e-01 8.42201e-02
4.04004e-01 8.44847e-02
4.06006e-01 8.47367e-02
4.08008e-01 8.50248e-02
4.10010e-01 8.50530e-02
4.12012e-01 8.52178e-02
4.14014e-01 8.54015e-02
4.16016e-01 8.55070e-02
4.18018e-01 8.55452e-02
4.20020e-01 8.56087e-02
4.22022e-01 8.56807e-02
4.24024e-01 8.58366e-02
4.26026e-01 8.58838e-02
4.28028e-01 8.59297e-02
4.30030e-01 8.60666e-02
4.32032e-01 8.60517e-02
4.34034e-01 8.60313e-02
4.36036e-01 8.60299e-02
4.38038e-01 8.59630e-02
4.40040e-01 8.58895e-02
4.42042e-01 8.58023e-02
4.44044e-01 8.56969e-02
4.46046e-01 8.56572e-02
4.48048e-01 8.56533e-02
4.50050e-01 8.56029e-02
4.52052e-01 8.55635e-02
4.54054e-01 8.57052e-02
4.56056e-01 8.59058e-02
4.58058e-01 8.58279e-02
4.60060e-01 8.57846e-02
4.62062e-01 8.58828e-02
4.64064e-01 8.59165e-02
4.66066e-01 8.59596e-02
4.68068e-01 8.59159e-02
4.70070e-01 8.58065e-02
4.72072e-01 8.57057e-02
4.74074e-01 8.55964e-02
4.76076e-01 8.54913e-02
4.78078e-01 8.53595e-02
4.80080e-01 8.53027e-02
4.82082e-01 8.51231e-02
4.84084e-01 8.49270e-02
4.86086e-01 8.46804e-02
4.88088e-01 8.44358e-02
4.90090e-01 8.41496e-02
4.92092e-01 8.38085e-02
4.94094e-01 8.35125e-02
4.96096e-01 8.31687e-02
4.98098e-01 8.28715e-02
5.00100e-01 8.24966e-02
5.02102e-01 8.21804e-02
5.04104e-01 8.18713e-02
5.06106e-01 8.16234e-02
5.08108e-01 8.14189e-02
5.10110e-01 8.13732e-02
5.12112e-01 8.13430e-02
5.14114e-01 8.14873e-02
5.16116e-01 8.16049e-02
5.18118e-01 8.18565e-02
5.20120e-01 8.22594e-02
5.22122e-01 8.26530e-02
5.24124e-01 8.29539e-02
5.26126e-01 8.33472e-02
5.28128e-01 8.37011e-02
5.30130e-01 8.39065e-02
5.32132e-01 8.41455e-02
5.34134e-01 8.43018e-02
5.36136e-01 8.44434e-02
5.38138e-01 8.45767e-02
5.40140e-01 8.47763e-02
5.42142e-01 8.48897e-02
5.44144e-01 8.50104e-02
5.46146e-01 8.50916e-02
5.48148e-01 8.50269e-02
5.50150e-01 8.50931e-02
5.52152e-01 8.50858e-02
5.54154e-01 8.50346e-02
5.56156e-01 8.50223e-02
5.58158e-01 8.48975e-02
5.60160e-01 8.49048e-02
5.62162e-01 8.47975e-02
5.64164e-01 8.46391e-02
5.66166e-01 8.43964e-02
5.68168e-01 8.41544e-02
5.70170e-01 8.39258e-02
5.72172e-01 8.36607e-02
5.74174e-01 8.34299e-02
5.76176e-01 8.31563e-02
5.78178e-01 8.29705e-02
5.80180e-01 8.27400e-02
5.82182e-01 8.25439e-02
5.84184e-01 8.24020e-02
5.86186e-01 8.22744e-02
5.88188e-01 8.21222e-02
5.90190e-01 8.20034e-02
5.92192e-01 8.18750e-02
5.94194e-01 8.16715e-02
5.96196e-01 8.14844e-02
5.98198e-01 8.14115e-02
6.00200e-01 8.12510e-02
6.02202e-01 8.11952e-02
6.04204e-01 8.11082e-02
6.06206e-01 8.10035e-02
6.08208e-01 8.09683e-02
6.10210e-01 8.10362e-02
6.12212e-01 8.10322e-02
6.14214e-01 8.09706e-02
6.16216e-01 8.08207e-02
6.18218e-01 8.07903e-02
6.20220e-01 8.07511e-02
6.22222e-01 8.07456e-02
6.24224e-01 8.07548e-02
6.26226e-01 8.07926e-02
6.28228e-01 8.08205e-02
6.30230e-01 8.09609e-02
6.32232e-01 8.09339e-02
6.34234e-01 8.09390e-02
6.36236e-01 8.08691e-02
6.38238e-01 8.08501e-02
6.40240e-01 8.07073e-02
6.42242e-01 8.06180e-02
6.44244e-01 8.04637e-02
6.46246e-01 8.03171e-02
6.48248e-01 8.01772e-02
6.50250e-01 8.01008e-02
6.52252e-01 8.01529e-02
6.54254e-01 8.00757e-02
6.56256e-01 8.00268e-02
6.58258e-01 7.99531e-02
6.60260e-01 7.98737e-02
6.62262e-01 7.99021e-02
6.64264e-01 7.97999e-02
6.66266e-01 7.98007e-02
6.68268e-01 7.96558e-02
6.70270e-01 7.96651e-02
6.72272e-01 7.95873e-02
6.74274e-01 7.96914e-02
6.76276e-01 7.99237e-02
6.78278e-01 8.00027e-02
6.80280e-01 8.02406e-02
6.82282e-01 8.04973e-02
6.84284e-01 8.08389e-02
6.86286e-01 8.12850e-02
6.88288e-01 8.18594e-02
6.90290e-01 8.25708e-02
6.92292e-01 8.35067e-02
6.94294e-01 8.47105e-02
6.96296e-01 8.60156e-02
6.98298e-01 8.76127e-02
7.00300e-01 8.93829e-02
7.02302e-01 9.12702e-02
7.04304e-01 9.33471e-02
7.06306e-01 9.54143e-02
7.08308e-01 9.75067e-02
7.10310e-01 9.95663e-02
7.12312e-01 1.01656e-01
7.14314e-01 1.03786e-01
7.16316e-01 1.05919e-01
7.18318e-01 1.07923e-01
7.20320e-01 1.09912e-01
7.22322e-01 1.11799e-01
7.24324e-01 1.13662e-01
7.26326e-01 1.15307e-01
7.28328e-01 1.16895e-01
7.30330e-01 1.18320e-01
7.32332e-01 1.19668e-01
7.34334e-01 1.20945e-01
7.36336e-01 1.22224e-01
7.38338e-01 1.23473e-01
7.40340e-01 1.24710e-01
7.42342e-01 1.25688e-01
7.44344e-01 1.26579e-01
7.46346e-01 1.27288e-01
7.48348e-01 1.28019e-01
7.50350e-01 1.28470e-01
7.52352e-01 1.28944e-01
7.54354e-01 1.29350e-01
7.56356e-01 1.29587e-01
7.58358e-01 1.29851e-01
7.60360e-01 1.30137e-01
7.62362e-01 1.30298e-01
7.64364e-01 1.30496e-01
7.66366e-01 1.30730e-01
7.68368e-01 1.30913e-01
7.70370e-01 1.31145e-01
7.72372e-01 1.31441e-01
7.74374e-01 1.31521e-01
7.76376e-01 1.31603e-01
7.78378e-01 1.31794e-01
7.80380e-01 1.31942e-01
7.82382e-01 1.32049e-01
7.84384e-01 1.32121e-01
7.86386e-01 1.32217e-01
7.88388e-01 1.32318e-01
7.90390e-01 1.32469e-01
7.92392e-01 1.32598e-01
7.94394e-01 1.32656e-01
7.96396e-01 1.32799e-01
7.98398e-01 1.32859e-01
8.00400e-01 1.33073e-01
8.02402e-01 1.33214e-01
8.04404e-01 1.33313e-01
8.06406e-01 1.33474e-01
8.08408e-01 1.33634e-01
8.10410e-01 1.33762e-01
8.12412e-01 1.33888e-01
8.14414e-01 1.34027e-01
8.16416e-01 1.34173e-01
8.18418e-01 1.34325e-01
8.20420e-01 1.34473e-01
8.22422e-01 1.34595e-01
8.24424e-01 1.34727e-01
8.26426e-01 1.34833e-01
8.28428e-01 1.34915e-01
8.30430e-01 1.34980e-01
8.32432e-01 1.35034e-01
8.34434e-01 1.35088e-01
8.36436e-01 1.35140e-01
8.38438e-01 1.35207e-01
8.40440e-01 1.35280e-01
8.42442e-01 1.35350e-01
8.44444e-01 1.35406e-01
8.46446e-01 1.35452e-01
8.48448e-01 1.35492e-01
8.50450e-01 1.35538e-01
8.52452e-01 1.35605e-01
8.54454e-01 1.35683e-01
8.56456e-01 1.35795e-01
8.58458e-01 1.35918e-01
8.60460e-01 1.36091e-01
8.62462e-01 1.36308e-01
8.64464e-01 1.36509e-01
8.66466e-01 1.36655e-01
8.68468e-01 1.36754e-01
8.70470e-01 1.36794e-01
8.72472e-01 1.36787e-01
8.74474e-01 1.36745e-01
8.76476e-01 1.36682e-01
8.78478e-01 1.36614e-01
8.80480e-01 1.36563e-01
8.82482e-01 1.36533e-01
8.84484e-01 1.36535e-01
8.86486e-01 1.36562e-01
8.88488e-01 1.36647e-01
8.90490e-01 1.36781e-01
8.92492e-01 1.36969e-01
8.94494e-01 1.37185e-01
8.96496e-01 1.37413e-01
8.98498e-01 1.37645e-01
9.00501e-01 1.37849e-01
9.02503e-01 1.38024e-01
9.04505e-01 1.38171e-01
9.06507e-01 1.38289e-01
9.08509e-01 1.38396e-01
9.10511e-01 1.38497e-01
9.12513e-01 1.38574e-01
9.14515e-01 1.38631e-01
9.16517e-01 1.38670e-01
9.18519e-01 1.38722e-01
9.20521e-01 1.38769e-01
9.22523e-01 1.38804e-01
9.24525e-01 1.38829e-01
9.26527e-01 1.38859e-01
9.28529e-01 1.38845e-01
9.30531e-01 1.38788e-01
9.32533e-01 1.38702e-01
9.34535e-01 1.38599e-01
9.36537e-01 1.38472e-01
9.38539e-01 1.38311e-01
9.40541e-01 1.38154e-01
9.42543e-01 1.37995e-01
9.44545e-01 1.37835e-01
9.46547e-01 1.37684e-01
9.48549e-01 1.37526e-01
9.50551e-01 1.37370e-01
9.52553e-01 1.37252e-01
9.54555e-01 1.37156e-01
9.56557e-01 1.37080e-01
9.58559e-01 1.36987e-01
9.60561e-01 1.36946e-01
9.62563e-01 1.36881e-01
9.64565e-01 1.36833e-01
9.66567e-01 1.36746e-01
9.68569e-01 1.36627e-01
9.70571e-01 1.36471e-01
9.72573e-01 1.36302e-01
9.74575e-01 1.36181e-01
9.76577e-01 1.36057e-01
9.78579e-01 1.35946e-01
9.80581e-01 1.35837e-01
9.82583e-01 1.35708e-01
9.84585e-01 1.35609e-01
9.86587e-01 1.35513e-01
9.88589e-01 1.35367e-01
9.90591e-01 1.35182e-01
9.92593e-01 1.35053e-01
9.94595e-01 1.35080e-01
9.96597e-01 1.35164e-01
9.98599e-01 1.35234e-01
1.00060e+00 1.35445e-01
1.00260e+00 1.35571e-01
1.00460e+00 1.35613e-01
1.00661e+00 1.35688e-01
1.00861e+00 1.35774e-01
1.01061e+00 1.35898e-01
1.01261e+00 1.36033e-01
1.01461e+00 1.36176e-01
1.01662e+00 1.36322e-01
1.01862e+00 1.36469e-01
1.02062e+00 1.36614e-01
1.02262e+00 1.36761e-01
1.02462e+00 1.36912e-01
1.02663e+00 1.37088e-01
1.02863e+00 1.37268e-01
1.03063e+00 1.37429e-01
1.03263e+00 1.37566e-01
1.03463e+00 1.37641e-01
1.03664e+00 1.37709e-01
1.03864e+00 1.37839e-01
1.04064e+00 1.38025e-01
1.04264e+00 1.38239e-01
1.04464e+00 1.38445e-01
1.04665e+00 1.38629e-01
1.04865e+00 1.38849e-01
1.05065e+00 1.39116e-01
1.05265e+00 1.39365e-01
1.05465e+00 1.39534e-01
1.05666e+00 1.39656e-01
1.05866e+00 1.39768e-01
1.06066e+00 1.39898e-01
1.06266e+00 1.40033e-01
1.06466e+00 1.40168e-01
1.06667e+00 1.40297e-01
1.06867e+00 1.40412e-01
1.07067e+00 1.40514e-01
1.07267e+00 1.40606e-01
1.07467e+00 1.40687e-01
1.07668e+00 1.40746e-01
1.07868e+00 1.40797e-01
1.08068e+00 1.40849e-01
1.08268e+00 1.40921e-01
1.08468e+00 1.41009e-01
1.08669e+00 1.41105e-01
1.08869e+00 1.41147e-01
1.09069e+00 1.41140e-01
1.09269e+00 1.41135e-01
1.09469e+00 1.41167e-01
1.09670e+00 1.41206e-01
1.09870e+00 1.41211e-01
1.10070e+00 1.41143e-01
1.10270e+00 1.41045e-01
1.10470e+00 1.40993e-01
1.10671e+00 1.40998e-01
1.10871e+00 1.41015e-01
1.11071e+00 1.41016e-01
1.11271e+00 1.40995e-01
1.11471e+00 1.40970e-01
1.11672e+00 1.40957e-01
1.11872e+00 1.40943e-01
1.12072e+00 1.40894e-01
1.12272e+00 1.40790e-01
1.12472e+00 1.40629e-01
1.12673e+00 1.40389e-01
1.12873e+00 1.40025e-01
1.13073e+00 1.39529e-01
1.13273e+00 1.39019e-01
1.13473e+00 1.38635e-01
1.13674e+00 1.38357e-01
1.13874e+00 1.38080e-01
1.14074e+00 1.37724e-01
1.14274e+00 1.37313e-01
1.14474e+00 1.36900e-01
1.14675e+00 1.36484e-01
1.14875e+00 1.36026e-01
1.15075e+00 1.35502e-01
1.15275e+00 1.34936e-01
1.15475e+00 1.34383e-01
1.15676e+00 1.33892e-01
1.15876e+00 1.33455e-01
1.16076e+00 1.33045e-01
1.16276e+00 1.32656e-01
1.16476e+00 1.32309e-01
1.16677e+00 1.32032e-01
1.16877e+00 1.31854e-01
1.17077e+00 1.31786e-01
1.17277e+00 1.31817e-01
1.17477e+00 1.31948e-01
1.17678e+00 1.32167e-01
1.17878e+00 1.32421e-01
1.18078e+00 1.32650e-01
1.18278e+00 1.32872e-01
1.18478e+00 1.33144e-01
1.18679e+00 1.33432e-01
1.18879e+00 1.33634e-01
1.19079e+00 1.33676e-01
1.19279e+00 1.33579e-01
1.19479e+00 1.33377e-01
1.19680e+00 1.33071e-01
1.19880e+00 1.32589e-01
1.20080e+00 1.31874e-01
1.20280e+00 1.30968e-01
1.20480e+00 1.30030e-01
1.20681e+00 1.29152e-01
1.20881e+00 1.28404e-01
1.21081e+00 1.27785e-01
1.21281e+00 1.27344e-01
1.21481e+00 1.27106e-01
1.21682e+00 1.27030e-01
1.21882e+00 1.27040e-01
1.22082e+00 1.27123e-01
1.22282e+00 1.27273e-01
1.22482e+00 1.27491e-01
1.22683e+00 1.27777e-01
1.22883e+00 1.28143e-01
1.23083e+00 1.28571e-01
1.23283e+00 1.29009e-01
1.23483e+00 1.29403e-01
1.23684e+00 1.29744e-01
1.23884e+00 1.30092e-01
1.24084e+00 1.30484e-01
1.24284e+00 1.30878e-01
1.24484e+00 1.31187e-01
1.24685e+00 1.31412e-01
1.24885e+00 1.31596e-01
1.25085e+00 1.31778e-01
1.25285e+00 1.31944e-01
1.25485e+00 1.32097e-01
1.25686e+00 1.32232e-01
1.25886e+00 1.32355e-01
1.26086e+00 1.32435e-01
1.26286e+00 1.32489e-01
1.26486e+00 1.32551e-01
1.26687e+00 1.32627e-01
1.26887e+00 1.32646e-01
1.27087e+00 1.32602e-01
1.27287e+00 1.32550e-01
1.27487e+00 1.32548e-01
1.27688e+00 1.32571e-01
1.27888e+00 1.32568e-01
1.28088e+00 1.32509e-01
1.28288e+00 1.32439e-01
1.28488e+00 1.32409e-01
1.28689e+00 1.32405e-01
1.28889e+00 1.32381e-01
1.29089e+00 1.32313e-01
1.29289e+00 1.32220e-01
1.29489e+00 1.32125e-01
1.29690e+00 1.32050e-01
1.29890e+00 1.31991e-01
1.30090e+00 1.31936e-01
1.30290e+00 1.31856e-01
1.30490e+00 1.31727e-01
1.30691e+00 1.31561e-01
1.30891e+00 1.31384e-01
1.31091e+00 1.31206e-01
1.31291e+00 1.31000e-01
1.31491e+00 1.30773e-01
1.31692e+00 1.30516e-01
1.31892e+00 1.30226e-01
1.32092e+00 1.29885e-01
1.32292e+00 1.29532e-01
1.32492e+00 1.29181e-01
1.32693e+00 1.28826e-01
1.32893e+00 1.28431e-01
1.33093e+00 1.28003e-01
1.33293e+00 1.27539e-01
1.33493e+00 1.27063e-01
1.33694e+00 1.26564e-01
1.33894e+00 1.26054e-01
1.34094e+00 1.25541e-01
1.34294e+00 1.25050e-01
1.34494e+00 1.24562e-01
1.34695e+00 1.24079e-01
1.34895e+00 1.23625e-01
1.35095e+00 1.23176e-01
1.35295e+00 1.22711e-01
1.35495e+00 1.22234e-01
1.35696e+00 1.21742e-01
1.35896e+00 1.21209e-01
1.36096e+00 1.20595e-01
1.36296e+00 1.19928e-01
1.36496e+00 1.19270e-01
1.36697e+00 1.18626e-01
1.36897e+00 1.17961e-01
1.37097e+00 1.17245e-01
1.37297e+00 1.16469e-01
1.37497e+00 1.15616e-01
1.37698e+00 1.14685e-01
1.37898e+00 1.13697e-01
1.38098e+00 1.12667e-01
1.38298e+00 1.11580e-01
1.38498e+00 1.10413e-01
1.38699e+00 1.09175e-01
1.38899e+00 1.07904e-01
1.39099e+00 1.06620e-01
1.39299e+00 1.05320e-01
1.39499e+00 1.04027e-01
1.39700e+00 1.02775e-01
1.39900e+00 1.01560e-01
1.40100e+00 1.00368e-01
1.40300e+00 9.92816e-02
1.40501e+00 9.82223e-02
1.40701e+00 9.72215e-02
1.40901e+00 9.63482e-02
1.41101e+00 9.55092e-02
1.41301e+00 9.47912e-02
1.41502e+00 9.41023e-02
1.41702e+00 9.34929e-02
1.41902e+00 9.29070e-02
1.42102e+00 9.23519e-02
1.42302e+00 9.18164e-02
1.42503e+00 9.13548e-02
1.42703e+00 9.09313e-02
1.42903e+00 9.05091e-02
1.43103e+00 9.00426e-02
1.43303e+00 8.95932e-02
1.43504e+00 8.91809e-02
1.43704e+00 8.88041e-02
1.43904e+00 8.84352e-02
1.44104e+00 8.80798e-02
1.44304e+00 8.77308e-02
1.44505e+00 8.74212e-02
1.44705e+00 8.71370e-02
1.44905e+00 8.68424e-02
1.45105e+00 8.65214e-02
1.45305e+00 8.61936e-02
1.45506e+00 8.58827e-02
1.45706e+00 8.56045e-02
1.45906e+00 8.53454e-02
1.46106e+00 8.50926e-02
1.46306e+00 8.48558e-02
1.46507e+00 8.46601e-02
1.46707e+00 8.44927e-02
1.46907e+00 8.43138e-02
1.47107e+00 8.41069e-02
1.47307e+00 8.39184e-02
1.47508e+00 8.37778e-02
1.47708e+00 8.36803e-02
1.47908e+00 8.36114e-02
1.48108e+00 8.35575e-02
1.48308e+00 8.35155e-02
1.48509e+00 8.34943e-02
1.48709e+00 8.34841e-02
1.48909e+00 8.34814e-02
1.49109e+00 8.34848e-02
1.49309e+00 8.34902e-02
1.49510e+00 8.34706e-02
1.49710e+00 8.34393e-02
1.49910e+00 8.34422e-02
1.50110e+00 8.35181e-02
1.50310e+00 8.36511e-02
1.50511e+00 8.38198e-02
1.50711e+00 8.39974e-02
1.50911e+00 8.41704e-02
1.51111e+00 8.43247e-02
1.51311e+00 8.44880e-02
1.51512e+00 8.46913e-02
1.51712e+00 8.49459e-02
1.51912e+00 8.51888e-02
1.52112e+00 8.53845e-02
1.52312e+00 8.55647e-02
1.52513e+00 8.57840e-02
1.52713e+00 8.60356e-02
1.52913e+00 8.63053e-02
1.53113e+00 8.65644e-02
1.53313e+00 8.68055e-02
1.53514e+00 8.70228e-02
1.53714e+00 8.72462e-02
1.53914e+00 8.74892e-02
1.54114e+00 8.77714e-02
1.54314e+00 8.80649e-02
1.54515e+00 8.83293e-02
1.54715e+00 8.85494e-02
1.54915e+00 8.87794e-02
1.55115e+00 8.90511e-02
1.55315e+00 8.93656e-02
1.55516e+00 8.97130e-02
1.55716e+00 9.00787e-02
1.55916e+00 9.04089e-02
1.56116e+00 9.06792e-02
1.56316e+00 9.09082e-02
1.56517e+00 9.11368e-02
1.56717e+00 9.13753e-02
1.56917e+00 9.16306e-02
1.57117e+00 9.18983e-02
1.57317e+00 9.21809e-02
1.57518e+00 9.24722e-02
1.57718e+00 9.27867e-02
1.57918e+00 9.31153e-02
1.58118e+00 9.34476e-02
1.58318e+00 9.37713e-02
1.58519e+00 9.40838e-02
1.58719e+00 9.43812e-02
1.58919e+00 9.46656e-02
1.59119e+00 9.49447e-02
1.59319e+00 9.52301e-02
1.59520e+00 9.55206e-02
1.59720e+00 9.58142e-02
1.59920e+00 9.61147e-02
1.60120e+00 9.64311e-02
1.60320e+00 9.67504e-02
1.60521e+00 9.70637e-02
1.60721e+00 9.73663e-02
1.60921e+00 9.76543e-02
1.61121e+00 9.79378e-02
1.61321e+00 9.82309e-02
1.61522e+00 9.85309e-02
1.61722e+00 9.88216e-02
1.61922e+00 9.91059e-02
1.62122e+00 9.93904e-02
1.62322e+00 9.96729e-02
1.62523e+00 9.99345e-02
1.62723e+00 1.00169e-01
1.62923e+00 1.00372e-01
1.63123e+00 1.00580e-01
1.63323e+00 1.00817e-01
1.63524e+00 1.01087e-01
1.63724e+00 1.01333e-01
1.63924e+00 1.01540e-01
1.64124e+00 1.01702e-01
1.64324e+00 1.01833e-01
1.64525e+00 1.01941e-01
1.64725e+00 1.02040e-01
1.64925e+00 1.02116e-01
1.65125e+00 1.02184e-01
1.65325e+00 1.02272e-01
1.65526e+00 1.02366e-01
1.65726e+00 1.02423e-01
1.65926e+00 1.02453e-01
1.66126e+00 1.02490e-01
1.66326e+00 1.02536e-01
1.66527e+00 1.02559e-01
1.66727e+00 1.02541e-01
1.66927e+00 1.02488e-01
1.67127e+00 1.02428e-01
1.67327e+00 1.02391e-01
1.67528e+00 1.02357e-01
1.67728e+00 1.02285e-01
1.67928e+00 1.02185e-01
1.68128e+00 1.02094e-01
1.68328e+00 1.02012e-01
1.68529e+00 1.01931e-01
1.68729e+00 1.01855e-01
1.68929e+00 1.01813e-01
1.69129e+00 1.01781e-01
1.69329e+00 1.01718e-01
1.69530e+00 1.01633e-01
1.69730e+00 1.01556e-01
1.69930e+00 1.01467e-01
1.70130e+00 1.01331e-01
1.70330e+00 1.01165e-01
1.70531e+00 1.01029e-01
1.70731e+00 1.00924e-01
1.70931e+00 1.00813e-01
1.71131e+00 1.00700e-01
1.71331e+00 1.00603e-01
1.71532e+00 1.00511e-01
1.71732e+00 1.00373e-01
1.71932e+00 1.00201e-01
1.72132e+00 1.00024e-01
1.72332e+00 9.98831e-02
1.72533e+00 9.98147e-02
1.72733e+00 9.98025e-02
1.72933e+00 9.98011e-02
1.73133e+00 9.97968e-02
1.73333e+00 9.97711e-02
1.73534e+00 9.97419e-02
1.73734e+00 9.97167e-02
1.73934e+00 9.96926e-02
1.74134e+00 9.96772e-02
1.74334e+00 9.96721e-02
1.74535e+00 9.96845e-02
1.74735e+00 9.96969e-02
1.74935e+00 9.96827e-02
1.75135e+00 9.96256e-02
1.75335e+00 9.95242e-02
1.75536e+00 9.93928e-02
1.75736e+00 9.92448e-02
1.75936e+00 9.90975e-02
1.76136e+00 9.89684e-02
1.76336e+00 9.88768e-02
1.76537e+00 9.88404e-02
1.76737e+00 9.88383e-02
1.76937e+00 9.88471e-02
1.77137e+00 9.88638e-02
1.77337e+00 9.88935e-02
1.77538e+00 9.89108e-02
1.77738e+00 9.88893e-02
1.77938e+00 9.88617e-02
1.78138e+00 9.88934e-02
1.78338e+00 9.89669e-02
1.78539e+00 9.90026e-02
1.78739e+00 9.90223e-02
1.78939e+00 9.90319e-02
1.79139e+00 9.90266e-02
1.79339e+00 9.90168e-02
1.79540e+00 9.89992e-02
1.79740e+00 9.89793e-02
1.79940e+00 9.89584e-02
1.80140e+00 9.89305e-02
1.80340e+00 9.88872e-02
1.80541e+00 9.88244e-02
1.80741e+00 9.87425e-02
1.80941e+00 9.86538e-02
1.81141e+00 9.85543e-02
1.81341e+00 9.84324e-02
1.81542e+00 9.82749e-02
1.81742e+00 9.80834e-02
1.81942e+00 9.78811e-02
1.82142e+00 9.76905e-02
1.82342e+00 9.75141e-02
1.82543e+00 9.73372e-02
1.82743e+00 9.71527e-02
1.82943e+00 9.69719e-02
1.83143e+00 9.66868e-02
1.83343e+00 9.65226e-02
1.83544e+00 9.63456e-02
1.83744e+00 9.61265e-02
1.83944e+00 9.58575e-02
1.84144e+00 9.55490e-02
1.84344e+00 9.52128e-02
1.84545e+00 9.48671e-02
1.84745e+00 9.45063e-02
1.84945e+00 9.41207e-02
1.85145e+00 9.37104e-02
1.85345e+00 9.32624e-02
1.85546e+00 9.27375e-02
1.85746e+00 9.21040e-02
1.85946e+00 9.14002e-02
1.86146e+00 9.06829e-02
1.86346e+00 8.99397e-02
1.86547e+00 8.91458e-02
1.86747e+00 8.83139e-02
1.86947e+00 8.74636e-02
1.87147e+00 8.65767e-02
1.87347e+00 8.56369e-02
1.87548e+00 8.46420e-02
1.87748e+00 8.36151e-02
1.87948e+00 8.25637e-02
1.88148e+00 8.14701e-02
1.88348e+00 8.03282e-02
1.88549e+00 7.91621e-02
1.88749e+00 7.79991e-02
1.88949e+00 7.68618e-02
1.89149e+00 7.57651e-02
1.89349e+00 7.47126e-02
1.89550e+00 7.37191e-02
1.89750e+00 7.28121e-02
1.89950e+00 7.19803e-02
1.90150e+00 7.12002e-02
1.90350e+00 7.04788e-02
1.90551e+00 6.98350e-02
1.90751e+00 6.92630e-02
1.90951e+00 6.87329e-02
1.91151e+00 6.82445e-02
1.91351e+00 6.78215e-02
1.91552e+00 6.74599e-02
1.91752e+00 6.71432e-02
1.91952e+00 6.68590e-02
1.92152e+00 6.66074e-02
1.92352e+00 6.63926e-02
1.92553e+00 6.62211e-02
1.92753e+00 6.60902e-02
1.92953e+00 6.59914e-02
1.93153e+00 6.59182e-02
1.93353e+00 6.58796e-02
1.93554e+00 6.58939e-02
1.93754e+00 6.59550e-02
1.93954e+00 6.60347e-02
1.94154e+00 6.61010e-02
1.94354e+00 6.61704e-02
1.94555e+00 6.62228e-02
1.94755e+00 6.62579e-02
1.94955e+00 6.62778e-02
1.95155e+00 6.62953e-02
1.95355e+00 6.63827e-02
1.95556e+00 6.64890e-02
1.95756e+00 6.65759e-02
1.95956e+00 6.67040e-02
1.96156e+00 6.67949e-02
1.96356e+00 6.69240e-02
1.96557e+00 6.70078e-02
1.96757e+00 6.70606e-02
1.96957e+00 6.70965e-02
1.97157e+00 6.71541e-02
1.97357e+00 6.72555e-02
1.97558e+00 6.73556e-02
1.97758e+00 6.74699e-02
1.97958e+00 6.75920e-02
1.98158e+00 6.77082e-02
1.98358e+00 6.78260e-02
1.98559e+00 6.79502e-02
1.98759e+00 6.80811e-02
1.98959e+00 6.82340e-02
1.99159e+00 6.83862e-02
1.99359e+00 6.85062e-02
1.99560e+00 6.85855e-02
1.99760e+00 6.86636e-02
1.99960e+00 6.87488e-02
2.00160e+00 6.88232e-02
2.00360e+00 6.88984e-02
2.00561e+00 6.89752e-02
2.00761e+00 6.90176e-02
2.00961e+00 6.90923e-02
2.01161e+00 6.91850e-02
2.01361e+00 6.92560e-02
2.01562e+00 6.93121e-02
2.01762e+00 6.93814e-02
2.01962e+00 6.94334e-02
2.02162e+00 6.94387e-02
2.02362e+00 6.94188e-02
2.02563e+00 6.94142e-02
2.02763e+00 6.94339e-02
2.02963e+00 6.94712e-02
2.03163e+00 6.95060e-02
2.03363e+00 6.95271e-02
2.03564e+00 6.95335e-02
2.03764e+00 6.95181e-02
2.03964e+00 6.94733e-02
2.04164e+00 6.94277e-02
2.04364e+00 6.93926e-02
2.04565e+00 6.93616e-02
2.04765e+00 6.93416e-02
2.04965e+00 6.93330e-02
2.05165e+00 6.93264e-02
2.05365e+00 6.93129e-02
2.05566e+00 6.93153e-02
2.05766e+00 6.93285e-02
2.05966e+00 6.93440e-02
2.06166e+00 6.93586e-02
2.06366e+00 6.93784e-02
2.06567e+00 6.94301e-02
2.06767e+00 6.94837e-02
2.06967e+00 6.95254e-02
2.07167e+00 6.95777e-02
2.07367e+00 6.96552e-02
2.07568e+00 6.97247e-02
2.07768e+00 6.97825e-02
2.07968e+00 6.98631e-02
2.08168e+00 6.99671e-02
2.08368e+00 7.00417e-02
2.08569e+00 7.01431e-02
2.08769e+00 7.02768e-02
2.08969e+00 7.04419e-02
2.09169e+00 7.06259e-02
2.09369e+00 7.07683e-02
2.09570e+00 7.09298e-02
2.09770e+00 7.10943e-02
2.09970e+00 7.12932e-02
2.10170e+00 7.14767e-02
2.10370e+00 7.16209e-02
2.10571e+00 7.17646e-02
2.10771e+00 7.18766e-02
2.10971e+00 7.19819e-02
2.11171e+00 7.20716e-02
2.11371e+00 7.22331e-02
2.11572e+00 7.24285e-02
2.11772e+00 7.26189e-02
2.11972e+00 7.28345e-02
2.12172e+00 7.30372e-02
2.12372e+00 7.32371e-02
2.12573e+00 7.34498e-02
2.12773e+00 7.36254e-02
2.12973e+00 7.37847e-02
2.13173e+00 7.39054e-02
2.13373e+00 7.40537e-02
2.13574e+00 7.41964e-02
2.13774e+00 7.43281e-02
2.13974e+00 7.44693e-02
2.14174e+00 7.45621e-02
2.14374e+00 7.47048e-02
2.14575e+00 7.48586e-02
2.14775e+00 7.50243e-02
2.14975e+00 7.52023e-02
2.15175e+00 7.53385e-02
2.15375e+00 7.54550e-02
2.15576e+00 7.55988e-02
2.15776e+00 7.57276e-02
2.15976e+00 7.58300e-02
2.16176e+00 7.59388e-02
2.16376e+00 7.60631e-02
2.16577e+00 7.61944e-02
2.16777e+00 7.63425e-02
2.16977e+00 7.64857e-02
2.17177e+00 7.66163e-02
2.17377e+00 7.67584e-02
2.17578e+00 7.68832e-02
2.17778e+00 7.69470e-02
2.17978e+00 7.70241e-02
2.18178e+00 7.70971e-02
2.18378e+00 7.71609e-02
2.18579e+00 7.72639e-02
2.18779e+00 7.74229e-02
2.18979e+00 7.75958e-02
2.19179e+00 7.77613e-02
2.19379e+00 7.79093e-02
2.19580e+00 7.80051e-02
2.19780e+00 7.80434e-02
2.19980e+00 7.80523e-02
2.20180e+00 7.80460e-02
2.20380e+00 7.80266e-02
2.20581e+00 7.80467e-02
2.20781e+00 7.81234e-02
2.20981e+00 7.82677e-02
2.21181e+00 7.84284e-02
2.21381e+00 7.85819e-02
2.21582e+00 7.86711e-02
2.21782e+00 7.87311e-02
2.21982e+00 7.87628e-02
2.22182e+00 7.87616e-02
2.22382e+00 7.87096e-02
2.22583e+00 7.86535e-02
2.22783e+00 7.85996e-02
2.22983e+00 7.85238e-02
2.23183e+00 7.84312e-02
2.23383e+00 7.83031e-02
2.23584e+00 7.81668e-02
2.23784e+00 7.79738e-02
2.23984e+00 7.77545e-02
2.24184e+00 7.75219e-02
2.24384e+00 7.72977e-02
2.24585e+00 7.70357e-02
2.24785e+00 7.67712e-02
2.24985e+00 7.65262e-02
2.25185e+00 7.62915e-02
2.25385e+00 7.60386e-02
2.25586e+00 7.57632e-02
2.25786e+00 7.54837e-02
2.25986e+00 7.51759e-02
2.26186e+00 7.48956e-02
2.26386e+00 7.46021e-02
2.26587e+00 7.43459e-02
2.26787e+00 7.41074e-02
2.26987e+00 7.38890e-02
2.27187e+00 7.36786e-02
2.27387e+00 7.35134e-02
2.27588e+00 7.33639e-02
2.27788e+00 7.32221e-02
2.27988e+00 7.30803e-02
2.28188e+00 7.29527e-02
2.28388e+00 7.28677e-02
2.28589e+00 7.27816e-02
2.28789e+00 7.26796e-02
2.28989e+00 7.25614e-02
2.29189e+00 7.24296e-02
2.29389e+00 7.22552e-02
2.29590e+00 7.20163e-02
2.29790e+00 7.17588e-02
2.29990e+00 7.15097e-02
2.30190e+00 7.12292e-02
2.30390e+00 7.09417e-02
2.30591e+00 7.06956e-02
2.30791e+00 7.04902e-02
2.30991e+00 7.03197e-02
2.31191e+00 7.01466e-02
2.31391e+00 7.00451e-02
2.31592e+00 6.99627e-02
2.31792e+00 6.99216e-02
2.31992e+00 6.98898e-02
2.32192e+00 6.98523e-02
2.32392e+00 6.97691e-02
2.32593e+00 6.96693e-02
2.32793e+00 6.95607e-02
2.32993e+00 6.94357e-02
2.33193e+00 6.92939e-02
2.33393e+00 6.91344e-02
2.33594e+00 6.89514e-02
2.33794e+00 6.87853e-02
2.33994e+00 6.85951e-02
2.34194e+00 6.84081e-02
2.34394e+00 6.82243e-02
2.34595e+00 6.80204e-02
2.34795e+00 6.78092e-02
2.34995e+00 6.76296e-02
2.35195e+00 6.74561e-02
2.35395e+00 6.73299e-02
2.35596e+00 6.72786e-02
2.35796e+00 6.72768e-02
2.35996e+00 6.73000e-02
2.36196e+00 6.73184e-02
2.36396e+00 6.72933e-02
2.36597e+00 6.72403e-02
2.36797e+00 6.71476e-02
2.36997e+00 6.69608e-02
2.37197e+00 6.67710e-02
2.37397e+00 6.66483e-02
2.37598e+00 6.65264e-02
2.37798e+00 6.63845e-02
2.37998e+00 6.61781e-02
2.38198e+00 6.59806e-02
2.38398e+00 6.57401e-02
2.38599e+00 6.55728e-02
2.38799e+00 6.54060e-02
2.38999e+00 6.52984e-02
2.39199e+00 6.52092e-02
2.39399e+00 6.51164e-02
2.39600e+00 6.50213e-02
2.39800e+00 6.48743e-02
2.40000e+00 6.47035e-02
