# Aspen leaf from USGS
# The reflectivity has been extended into the UV (100-400 nm) for additional coverage
# by copying the reflectivity at 414 nm. 
# The original data starts at 414 nm and onward.
1.00000e-01 4.94959e-02
3.00000e-01 4.94959e-02
3.50000e-01 4.94959e-02
3.70000e-01 4.94959e-02
3.90000e-01 4.94959e-02
4.00000e-01 4.94959e-02
4.14000e-01 4.94959e-02
4.15000e-01 4.94969e-02
4.16000e-01 4.94980e-02
4.17000e-01 4.94993e-02
4.18000e-01 4.95008e-02
4.19000e-01 4.95023e-02
4.20000e-01 4.95040e-02
4.21000e-01 4.98643e-02
4.22000e-01 5.02329e-02
4.23000e-01 5.06178e-02
4.24000e-01 5.10138e-02
4.25000e-01 5.13630e-02
4.26000e-01 5.15941e-02
4.27000e-01 5.16696e-02
4.28000e-01 5.16855e-02
4.29000e-01 5.17718e-02
4.30000e-01 5.20249e-02
4.31000e-01 5.24075e-02
4.32000e-01 5.28492e-02
4.33000e-01 5.32921e-02
4.34000e-01 5.37300e-02
4.35000e-01 5.41694e-02
4.36000e-01 5.46070e-02
4.37000e-01 5.49998e-02
4.38000e-01 5.52951e-02
4.39000e-01 5.54617e-02
4.40000e-01 5.55557e-02
4.41000e-01 5.56551e-02
4.42000e-01 5.58132e-02
4.43000e-01 5.59869e-02
4.44000e-01 5.61083e-02
4.45000e-01 5.61370e-02
4.46000e-01 5.61404e-02
4.47000e-01 5.62132e-02
4.48000e-01 5.64165e-02
4.49000e-01 5.66772e-02
4.50000e-01 5.68889e-02
4.51000e-01 5.69780e-02
4.52000e-01 5.70048e-02
4.53000e-01 5.70624e-02
4.54000e-01 5.72143e-02
4.55000e-01 5.74051e-02
4.56000e-01 5.75494e-02
4.57000e-01 5.75865e-02
4.58000e-01 5.75545e-02
4.59000e-01 5.75160e-02
4.60000e-01 5.75173e-02
4.61000e-01 5.75376e-02
4.62000e-01 5.75400e-02
4.63000e-01 5.74991e-02
4.64000e-01 5.74374e-02
4.65000e-01 5.73890e-02
4.66000e-01 5.73802e-02
4.67000e-01 5.74049e-02
4.68000e-01 5.74492e-02
4.69000e-01 5.75051e-02
4.70000e-01 5.75898e-02
4.71000e-01 5.77267e-02
4.72000e-01 5.79232e-02
4.73000e-01 5.81234e-02
4.74000e-01 5.82551e-02
4.75000e-01 5.82687e-02
4.76000e-01 5.82028e-02
4.77000e-01 5.81184e-02
4.78000e-01 5.80708e-02
4.79000e-01 5.80934e-02
4.80000e-01 5.82138e-02
4.81000e-01 5.84421e-02
4.82000e-01 5.87168e-02
4.83000e-01 5.89587e-02
4.84000e-01 5.91073e-02
4.85000e-01 5.91759e-02
4.86000e-01 5.91961e-02
4.87000e-01 5.91977e-02
4.88000e-01 5.92021e-02
4.89000e-01 5.92291e-02
4.90000e-01 5.92956e-02
4.91000e-01 5.94097e-02
4.92000e-01 5.95771e-02
4.93000e-01 5.97947e-02
4.94000e-01 6.00248e-02
4.95000e-01 6.02207e-02
4.96000e-01 6.03511e-02
4.97000e-01 6.04452e-02
4.98000e-01 6.05473e-02
4.99000e-01 6.07003e-02
5.00000e-01 6.09409e-02
5.01000e-01 6.13046e-02
5.02000e-01 6.18060e-02
5.03000e-01 6.23794e-02
5.04000e-01 6.29380e-02
5.05000e-01 6.34283e-02
5.06000e-01 6.39280e-02
5.07000e-01 6.45474e-02
5.08000e-01 6.53660e-02
5.09000e-01 6.63403e-02
5.10000e-01 6.73958e-02
5.11000e-01 6.84829e-02
5.12000e-01 6.96500e-02
5.13000e-01 7.09701e-02
5.14000e-01 7.24976e-02
5.15000e-01 7.42118e-02
5.16000e-01 7.60733e-02
5.17000e-01 7.80528e-02
5.18000e-01 8.01590e-02
5.19000e-01 8.24108e-02
5.20000e-01 8.48116e-02
5.21000e-01 8.73039e-02
5.22000e-01 8.98145e-02
5.23000e-01 9.22881e-02
5.24000e-01 9.47382e-02
5.25000e-01 9.71962e-02
5.26000e-01 9.96739e-02
5.27000e-01 1.02106e-01
5.28000e-01 1.04406e-01
5.29000e-01 1.06509e-01
5.30000e-01 1.08423e-01
5.31000e-01 1.10176e-01
5.32000e-01 1.11794e-01
5.33000e-01 1.13289e-01
5.34000e-01 1.14672e-01
5.35000e-01 1.15951e-01
5.36000e-01 1.17125e-01
5.37000e-01 1.18188e-01
5.38000e-01 1.19133e-01
5.39000e-01 1.19943e-01
5.40000e-01 1.20597e-01
5.41000e-01 1.21095e-01
5.42000e-01 1.21510e-01
5.43000e-01 1.21933e-01
5.44000e-01 1.22431e-01
5.45000e-01 1.22960e-01
5.46000e-01 1.23448e-01
5.47000e-01 1.23847e-01
5.48000e-01 1.24189e-01
5.49000e-01 1.24531e-01
5.50000e-01 1.24905e-01
5.51000e-01 1.25261e-01
5.52000e-01 1.25525e-01
5.53000e-01 1.25637e-01
5.54000e-01 1.25578e-01
5.55000e-01 1.25340e-01
5.56000e-01 1.24920e-01
5.57000e-01 1.24334e-01
5.58000e-01 1.23600e-01
5.59000e-01 1.22734e-01
5.60000e-01 1.21730e-01
5.61000e-01 1.20578e-01
5.62000e-01 1.19276e-01
5.63000e-01 1.17853e-01
5.64000e-01 1.16350e-01
5.65000e-01 1.14796e-01
5.66000e-01 1.13195e-01
5.67000e-01 1.11544e-01
5.68000e-01 1.09840e-01
5.69000e-01 1.08079e-01
5.70000e-01 1.06258e-01
5.71000e-01 1.04388e-01
5.72000e-01 1.02533e-01
5.73000e-01 1.00769e-01
5.74000e-01 9.91559e-02
5.75000e-01 9.76787e-02
5.76000e-01 9.63042e-02
5.77000e-01 9.50039e-02
5.78000e-01 9.37674e-02
5.79000e-01 9.25888e-02
5.80000e-01 9.14663e-02
5.81000e-01 9.04149e-02
5.82000e-01 8.94534e-02
5.83000e-01 8.85961e-02
5.84000e-01 8.78381e-02
5.85000e-01 8.71697e-02
5.86000e-01 8.65738e-02
5.87000e-01 8.60036e-02
5.88000e-01 8.54048e-02
5.89000e-01 8.47478e-02
5.90000e-01 8.41004e-02
5.91000e-01 8.35552e-02
5.92000e-01 8.31771e-02
5.93000e-01 8.29217e-02
5.94000e-01 8.27172e-02
5.95000e-01 8.25034e-02
5.96000e-01 8.22680e-02
5.97000e-01 8.20104e-02
5.98000e-01 8.17323e-02
5.99000e-01 8.14442e-02
6.00000e-01 8.11585e-02
6.01000e-01 8.08803e-02
6.02000e-01 8.05836e-02
6.03000e-01 8.02350e-02
6.04000e-01 7.98104e-02
6.05000e-01 7.93237e-02
6.06000e-01 7.87983e-02
6.07000e-01 7.82541e-02
6.08000e-01 7.76971e-02
6.09000e-01 7.71297e-02
6.10000e-01 7.65566e-02
6.11000e-01 7.59911e-02
6.12000e-01 7.54489e-02
6.13000e-01 7.49372e-02
6.14000e-01 7.44303e-02
6.15000e-01 7.38939e-02
6.16000e-01 7.33074e-02
6.17000e-01 7.27037e-02
6.18000e-01 7.21291e-02
6.19000e-01 7.16188e-02
6.20000e-01 7.11635e-02
6.21000e-01 7.07430e-02
6.22000e-01 7.03429e-02
6.23000e-01 6.99738e-02
6.24000e-01 6.96524e-02
6.25000e-01 6.93928e-02
6.26000e-01 6.91988e-02
6.27000e-01 6.90711e-02
6.28000e-01 6.90028e-02
6.29000e-01 6.89531e-02
6.30000e-01 6.88730e-02
6.31000e-01 6.87308e-02
6.32000e-01 6.85622e-02
6.33000e-01 6.84198e-02
6.34000e-01 6.83349e-02
6.35000e-01 6.82515e-02
6.36000e-01 6.80922e-02
6.37000e-01 6.77942e-02
6.38000e-01 6.73551e-02
6.39000e-01 6.67874e-02
6.40000e-01 6.61141e-02
6.41000e-01 6.54006e-02
6.42000e-01 6.47228e-02
6.43000e-01 6.41340e-02
6.44000e-01 6.35974e-02
6.45000e-01 6.30537e-02
6.46000e-01 6.24656e-02
6.47000e-01 6.18845e-02
6.48000e-01 6.13836e-02
6.49000e-01 6.10153e-02
6.50000e-01 6.07469e-02
6.51000e-01 6.05245e-02
6.52000e-01 6.03022e-02
6.53000e-01 6.00664e-02
6.54000e-01 5.98112e-02
6.55000e-01 5.95357e-02
6.56000e-01 5.92569e-02
6.57000e-01 5.89964e-02
6.58000e-01 5.87679e-02
6.59000e-01 5.85538e-02
6.60000e-01 5.83284e-02
6.61000e-01 5.80718e-02
6.62000e-01 5.77879e-02
6.63000e-01 5.74861e-02
6.64000e-01 5.71799e-02
6.65000e-01 5.68984e-02
6.66000e-01 5.66747e-02
6.67000e-01 5.65277e-02
6.68000e-01 5.64196e-02
6.69000e-01 5.62987e-02
6.70000e-01 5.61328e-02
6.71000e-01 5.59699e-02
6.72000e-01 5.58773e-02
6.73000e-01 5.59031e-02
6.74000e-01 5.60161e-02
6.75000e-01 5.61652e-02
6.76000e-01 5.63098e-02
6.77000e-01 5.64495e-02
6.78000e-01 5.65939e-02
6.79000e-01 5.67550e-02
6.80000e-01 5.69538e-02
6.81000e-01 5.72133e-02
6.82000e-01 5.75492e-02
6.83000e-01 5.79462e-02
6.84000e-01 5.83812e-02
6.85000e-01 5.88537e-02
6.86000e-01 5.94531e-02
6.87000e-01 6.02913e-02
6.88000e-01 6.14678e-02
6.89000e-01 6.30341e-02
6.90000e-01 6.50297e-02
6.91000e-01 6.75087e-02
6.92000e-01 7.05842e-02
6.93000e-01 7.43843e-02
6.94000e-01 7.90140e-02
6.95000e-01 8.44884e-02
6.96000e-01 9.07998e-02
6.97000e-01 9.79259e-02
6.98000e-01 1.05783e-01
6.99000e-01 1.14272e-01
7.00000e-01 1.23296e-01
7.01000e-01 1.32761e-01
7.02000e-01 1.42573e-01
7.03000e-01 1.52646e-01
7.04000e-01 1.62916e-01
7.05000e-01 1.73332e-01
7.06000e-01 1.83842e-01
7.07000e-01 1.94405e-01
7.08000e-01 2.04983e-01
7.09000e-01 2.15545e-01
7.10000e-01 2.26081e-01
7.11000e-01 2.36588e-01
7.12000e-01 2.47058e-01
7.13000e-01 2.57474e-01
7.14000e-01 2.67813e-01
7.15000e-01 2.78055e-01
7.16000e-01 2.88183e-01
7.17000e-01 2.98182e-01
7.18000e-01 3.08026e-01
7.19000e-01 3.17671e-01
7.20000e-01 3.27062e-01
7.21000e-01 3.36160e-01
7.22000e-01 3.44979e-01
7.23000e-01 3.53546e-01
7.24000e-01 3.61870e-01
7.25000e-01 3.69892e-01
7.26000e-01 3.77535e-01
7.27000e-01 3.84743e-01
7.28000e-01 3.91537e-01
7.29000e-01 3.97961e-01
7.30000e-01 4.04052e-01
7.31000e-01 4.09819e-01
7.32000e-01 4.15267e-01
7.33000e-01 4.20394e-01
7.34000e-01 4.25182e-01
7.35000e-01 4.29607e-01
7.36000e-01 4.33662e-01
7.37000e-01 4.37388e-01
7.38000e-01 4.40839e-01
7.39000e-01 4.44062e-01
7.40000e-01 4.47057e-01
7.41000e-01 4.49815e-01
7.42000e-01 4.52331e-01
7.43000e-01 4.54616e-01
7.44000e-01 4.56686e-01
7.45000e-01 4.58559e-01
7.46000e-01 4.60261e-01
7.47000e-01 4.61823e-01
7.48000e-01 4.63266e-01
7.49000e-01 4.64590e-01
7.50000e-01 4.65787e-01
7.51000e-01 4.66851e-01
7.52000e-01 4.67782e-01
7.53000e-01 4.68579e-01
7.54000e-01 4.69252e-01
7.55000e-01 4.69837e-01
7.56000e-01 4.70380e-01
7.57000e-01 4.70911e-01
7.58000e-01 4.71407e-01
7.59000e-01 4.71832e-01
7.60000e-01 4.72163e-01
7.61000e-01 4.72431e-01
7.62000e-01 4.72681e-01
7.63000e-01 4.72947e-01
7.64000e-01 4.73212e-01
7.65000e-01 4.73449e-01
7.66000e-01 4.73637e-01
7.67000e-01 4.73784e-01
7.68000e-01 4.73908e-01
7.69000e-01 4.74021e-01
7.70000e-01 4.74118e-01
7.71000e-01 4.74192e-01
7.72000e-01 4.74236e-01
7.73000e-01 4.74266e-01
7.74000e-01 4.74299e-01
7.75000e-01 4.74348e-01
7.76000e-01 4.74404e-01
7.77000e-01 4.74452e-01
7.78000e-01 4.74481e-01
7.79000e-01 4.74497e-01
7.80000e-01 4.74509e-01
7.81000e-01 4.74528e-01
7.82000e-01 4.74559e-01
7.83000e-01 4.74609e-01
7.84000e-01 4.74682e-01
7.85000e-01 4.74764e-01
7.86000e-01 4.74841e-01
7.87000e-01 4.74901e-01
7.88000e-01 4.74948e-01
7.89000e-01 4.74988e-01
7.90000e-01 4.75028e-01
7.91000e-01 4.75063e-01
7.92000e-01 4.75090e-01
7.93000e-01 4.75103e-01
7.94000e-01 4.75108e-01
7.95000e-01 4.75107e-01
7.96000e-01 4.75105e-01
7.97000e-01 4.75104e-01
7.98000e-01 4.75105e-01
7.99000e-01 4.75110e-01
8.00000e-01 4.75117e-01
8.01000e-01 4.75127e-01
8.02000e-01 4.75135e-01
8.03000e-01 4.75128e-01
8.04000e-01 4.75090e-01
8.05000e-01 4.75013e-01
8.06000e-01 4.74929e-01
8.07000e-01 4.74876e-01
8.08000e-01 4.74883e-01
8.09000e-01 4.74935e-01
8.10000e-01 4.75004e-01
8.11000e-01 4.75066e-01
8.12000e-01 4.75103e-01
8.13000e-01 4.75101e-01
8.14000e-01 4.75054e-01
8.15000e-01 4.74996e-01
8.16000e-01 4.74970e-01
8.17000e-01 4.75004e-01
8.18000e-01 4.75057e-01
8.19000e-01 4.75072e-01
8.20000e-01 4.75014e-01
8.21000e-01 4.74928e-01
8.22000e-01 4.74879e-01
8.23000e-01 4.74914e-01
8.24000e-01 4.75004e-01
8.25000e-01 4.75101e-01
8.26000e-01 4.75166e-01
8.27000e-01 4.75202e-01
8.28000e-01 4.75222e-01
8.29000e-01 4.75236e-01
8.30000e-01 4.75250e-01
8.31000e-01 4.75269e-01
8.32000e-01 4.75293e-01
8.33000e-01 4.75303e-01
8.34000e-01 4.75278e-01
8.35000e-01 4.75205e-01
8.36000e-01 4.75119e-01
8.37000e-01 4.75064e-01
8.38000e-01 4.75072e-01
8.39000e-01 4.75125e-01
8.40000e-01 4.75195e-01
8.41000e-01 4.75254e-01
8.42000e-01 4.75291e-01
8.43000e-01 4.75298e-01
8.44000e-01 4.75277e-01
8.45000e-01 4.75267e-01
8.46000e-01 4.75317e-01
8.47000e-01 4.75453e-01
8.48000e-01 4.75602e-01
8.49000e-01 4.75669e-01
8.50000e-01 4.75591e-01
8.51000e-01 4.75436e-01
8.52000e-01 4.75304e-01
8.53000e-01 4.75270e-01
8.54000e-01 4.75300e-01
8.55000e-01 4.75335e-01
8.56000e-01 4.75331e-01
8.57000e-01 4.75296e-01
8.58000e-01 4.75255e-01
8.59000e-01 4.75226e-01
8.60000e-01 4.75203e-01
8.61000e-01 4.75174e-01
8.62000e-01 4.75131e-01
8.63000e-01 4.75085e-01
8.64000e-01 4.75053e-01
8.65000e-01 4.75045e-01
8.66000e-01 4.75044e-01
8.67000e-01 4.75032e-01
8.68000e-01 4.74992e-01
8.69000e-01 4.74930e-01
8.70000e-01 4.74859e-01
8.71000e-01 4.74789e-01
8.72000e-01 4.74733e-01
8.73000e-01 4.74699e-01
8.74000e-01 4.74693e-01
8.75000e-01 4.74690e-01
8.76000e-01 4.74657e-01
8.77000e-01 4.74577e-01
8.78000e-01 4.74481e-01
8.79000e-01 4.74412e-01
8.80000e-01 4.74402e-01
8.81000e-01 4.74435e-01
8.82000e-01 4.74483e-01
8.83000e-01 4.74519e-01
8.84000e-01 4.74519e-01
8.85000e-01 4.74462e-01
8.86000e-01 4.74344e-01
8.87000e-01 4.74228e-01
8.88000e-01 4.74199e-01
8.89000e-01 4.74304e-01
8.90000e-01 4.74464e-01
8.91000e-01 4.74561e-01
8.92000e-01 4.74516e-01
8.93000e-01 4.74383e-01
8.94000e-01 4.74250e-01
8.95000e-01 4.74189e-01
8.96000e-01 4.74196e-01
8.97000e-01 4.74252e-01
8.98000e-01 4.74339e-01
8.99000e-01 4.74440e-01
9.00000e-01 4.74544e-01
9.01000e-01 4.74631e-01
9.02000e-01 4.74663e-01
9.03000e-01 4.74597e-01
9.04000e-01 4.74420e-01
9.05000e-01 4.74232e-01
9.06000e-01 4.74165e-01
9.07000e-01 4.74301e-01
9.08000e-01 4.74542e-01
9.09000e-01 4.74740e-01
9.10000e-01 4.74784e-01
9.11000e-01 4.74699e-01
9.12000e-01 4.74546e-01
9.13000e-01 4.74377e-01
9.14000e-01 4.74217e-01
9.15000e-01 4.74082e-01
9.16000e-01 4.73989e-01
9.17000e-01 4.73954e-01
9.18000e-01 4.73993e-01
9.19000e-01 4.74103e-01
9.20000e-01 4.74203e-01
9.21000e-01 4.74196e-01
9.22000e-01 4.74019e-01
9.23000e-01 4.73769e-01
9.24000e-01 4.73578e-01
9.25000e-01 4.73535e-01
9.26000e-01 4.73560e-01
9.27000e-01 4.73528e-01
9.28000e-01 4.73347e-01
9.29000e-01 4.73051e-01
9.30000e-01 4.72710e-01
9.31000e-01 4.72379e-01
9.32000e-01 4.72069e-01
9.33000e-01 4.71778e-01
9.34000e-01 4.71508e-01
9.35000e-01 4.71256e-01
9.36000e-01 4.71022e-01
9.37000e-01 4.70806e-01
9.38000e-01 4.70607e-01
9.39000e-01 4.70425e-01
9.40000e-01 4.70257e-01
1.00500e+00 4.62212e-01
1.00600e+00 4.62593e-01
1.00700e+00 4.63206e-01
1.00800e+00 4.63800e-01
1.00900e+00 4.64182e-01
1.01000e+00 4.64357e-01
1.01100e+00 4.64383e-01
1.01200e+00 4.64318e-01
1.01300e+00 4.64219e-01
1.01400e+00 4.64144e-01
1.01500e+00 4.64152e-01
1.01600e+00 4.64279e-01
1.01700e+00 4.64512e-01
1.01800e+00 4.64833e-01
1.01900e+00 4.65206e-01
1.02000e+00 4.65563e-01
1.02100e+00 4.65832e-01
1.02200e+00 4.65981e-01
1.02300e+00 4.66074e-01
1.02400e+00 4.66185e-01
1.02500e+00 4.66347e-01
1.02600e+00 4.66494e-01
1.02700e+00 4.66546e-01
1.02800e+00 4.66475e-01
1.02900e+00 4.66368e-01
1.03000e+00 4.66325e-01
1.03100e+00 4.66403e-01
1.03200e+00 4.66556e-01
1.03300e+00 4.66723e-01
1.03400e+00 4.66867e-01
1.03500e+00 4.66996e-01
1.03600e+00 4.67127e-01
1.03700e+00 4.67266e-01
1.03800e+00 4.67401e-01
1.03900e+00 4.67516e-01
1.04000e+00 4.67596e-01
1.04100e+00 4.67632e-01
1.04200e+00 4.67615e-01
1.04300e+00 4.67548e-01
1.04400e+00 4.67463e-01
1.04500e+00 4.67395e-01
1.04600e+00 4.67368e-01
1.04700e+00 4.67387e-01
1.04800e+00 4.67452e-01
1.04900e+00 4.67547e-01
1.05000e+00 4.67624e-01
1.05100e+00 4.67626e-01
1.05200e+00 4.67535e-01
1.05300e+00 4.67405e-01
1.05400e+00 4.67304e-01
1.05500e+00 4.67272e-01
1.05600e+00 4.67291e-01
1.05700e+00 4.67336e-01
1.05800e+00 4.67384e-01
1.05900e+00 4.67422e-01
1.06000e+00 4.67434e-01
1.06100e+00 4.67417e-01
1.06200e+00 4.67388e-01
1.06300e+00 4.67365e-01
1.06400e+00 4.67361e-01
1.06500e+00 4.67367e-01
1.06600e+00 4.67375e-01
1.06700e+00 4.67379e-01
1.06800e+00 4.67389e-01
1.06900e+00 4.67416e-01
1.07000e+00 4.67462e-01
1.07100e+00 4.67512e-01
1.07200e+00 4.67548e-01
1.07300e+00 4.67554e-01
1.07400e+00 4.67513e-01
1.07500e+00 4.67409e-01
1.07600e+00 4.67246e-01
1.07700e+00 4.67068e-01
1.07800e+00 4.66926e-01
1.07900e+00 4.66853e-01
1.08000e+00 4.66842e-01
1.08100e+00 4.66877e-01
1.08200e+00 4.66941e-01
1.08300e+00 4.66998e-01
1.08400e+00 4.67017e-01
1.08500e+00 4.66978e-01
1.08600e+00 4.66909e-01
1.08700e+00 4.66843e-01
1.08800e+00 4.66797e-01
1.08900e+00 4.66760e-01
1.09000e+00 4.66717e-01
1.09100e+00 4.66654e-01
1.09200e+00 4.66549e-01
1.09300e+00 4.66385e-01
1.09400e+00 4.66157e-01
1.09500e+00 4.65890e-01
1.09600e+00 4.65617e-01
1.09700e+00 4.65366e-01
1.09800e+00 4.65165e-01
1.09900e+00 4.65041e-01
1.10000e+00 4.64996e-01
1.10100e+00 4.64984e-01
1.10200e+00 4.64950e-01
1.10300e+00 4.64864e-01
1.10400e+00 4.64749e-01
1.10500e+00 4.64636e-01
1.10600e+00 4.64548e-01
1.10700e+00 4.64484e-01
1.10800e+00 4.64447e-01
1.10900e+00 4.64426e-01
1.11000e+00 4.64399e-01
1.11100e+00 4.64340e-01
1.11200e+00 4.64231e-01
1.11300e+00 4.64075e-01
1.11400e+00 4.63877e-01
1.11500e+00 4.63650e-01
1.11600e+00 4.63425e-01
1.11700e+00 4.63240e-01
1.11800e+00 4.63102e-01
1.11900e+00 4.62968e-01
1.12000e+00 4.62786e-01
1.12100e+00 4.62525e-01
1.12200e+00 4.62200e-01
1.12300e+00 4.61831e-01
1.12400e+00 4.61437e-01
1.12500e+00 4.61027e-01
1.12600e+00 4.60611e-01
1.12700e+00 4.60190e-01
1.12800e+00 4.59749e-01
1.12900e+00 4.59274e-01
1.13000e+00 4.58757e-01
1.13100e+00 4.58212e-01
1.13200e+00 4.57655e-01
1.13300e+00 4.57084e-01
1.13400e+00 4.56446e-01
1.13500e+00 4.55686e-01
1.13600e+00 4.54786e-01
1.13700e+00 4.53818e-01
1.13800e+00 4.52863e-01
1.13900e+00 4.51970e-01
1.14000e+00 4.51116e-01
1.14100e+00 4.50268e-01
1.14200e+00 4.49412e-01
1.14300e+00 4.48573e-01
1.14400e+00 4.47786e-01
1.14500e+00 4.47065e-01
1.14600e+00 4.46387e-01
1.14700e+00 4.45720e-01
1.14800e+00 4.45041e-01
1.14900e+00 4.44339e-01
1.15000e+00 4.43606e-01
1.15100e+00 4.42841e-01
1.15200e+00 4.42069e-01
1.15300e+00 4.41316e-01
1.15400e+00 4.40608e-01
1.15500e+00 4.39972e-01
1.15600e+00 4.39434e-01
1.15700e+00 4.39003e-01
1.15800e+00 4.38647e-01
1.15900e+00 4.38329e-01
1.16000e+00 4.38024e-01
1.16100e+00 4.37730e-01
1.16200e+00 4.37451e-01
1.16300e+00 4.37190e-01
1.16400e+00 4.36956e-01
1.16500e+00 4.36756e-01
1.16600e+00 4.36589e-01
1.16700e+00 4.36433e-01
1.16800e+00 4.36266e-01
1.16900e+00 4.36067e-01
1.17000e+00 4.35824e-01
1.17100e+00 4.35527e-01
1.17200e+00 4.35185e-01
1.17300e+00 4.34850e-01
1.17400e+00 4.34579e-01
1.17500e+00 4.34405e-01
1.17600e+00 4.34300e-01
1.17700e+00 4.34228e-01
1.17800e+00 4.34161e-01
1.17900e+00 4.34079e-01
1.18000e+00 4.33967e-01
1.18100e+00 4.33811e-01
1.18200e+00 4.33610e-01
1.18300e+00 4.33361e-01
1.18400e+00 4.33075e-01
1.18500e+00 4.32789e-01
1.18600e+00 4.32544e-01
1.18700e+00 4.32361e-01
1.18800e+00 4.32218e-01
1.18900e+00 4.32085e-01
1.19000e+00 4.31948e-01
1.19100e+00 4.31822e-01
1.19200e+00 4.31723e-01
1.19300e+00 4.31668e-01
1.19400e+00 4.31662e-01
1.19500e+00 4.31710e-01
1.19600e+00 4.31798e-01
1.19700e+00 4.31876e-01
1.19800e+00 4.31888e-01
1.19900e+00 4.31807e-01
1.20000e+00 4.31668e-01
1.20100e+00 4.31516e-01
1.20200e+00 4.31384e-01
1.20300e+00 4.31281e-01
1.20400e+00 4.31215e-01
1.20500e+00 4.31194e-01
1.20600e+00 4.31228e-01
1.20700e+00 4.31331e-01
1.20800e+00 4.31492e-01
1.20900e+00 4.31664e-01
1.21000e+00 4.31789e-01
1.21100e+00 4.31843e-01
1.21200e+00 4.31865e-01
1.21300e+00 4.31902e-01
1.21400e+00 4.31985e-01
1.21500e+00 4.32105e-01
1.21600e+00 4.32245e-01
1.21700e+00 4.32393e-01
1.21800e+00 4.32539e-01
1.21900e+00 4.32677e-01
1.22000e+00 4.32805e-01
1.22100e+00 4.32944e-01
1.22200e+00 4.33116e-01
1.22300e+00 4.33333e-01
1.22400e+00 4.33588e-01
1.22500e+00 4.33872e-01
1.22600e+00 4.34171e-01
1.22700e+00 4.34466e-01
1.22800e+00 4.34735e-01
1.22900e+00 4.34974e-01
1.23000e+00 4.35207e-01
1.23100e+00 4.35467e-01
1.23200e+00 4.35762e-01
1.23300e+00 4.36055e-01
1.23400e+00 4.36301e-01
1.23500e+00 4.36476e-01
1.23600e+00 4.36598e-01
1.23700e+00 4.36695e-01
1.23800e+00 4.36781e-01
1.23900e+00 4.36849e-01
1.24000e+00 4.36887e-01
1.24100e+00 4.36898e-01
1.24200e+00 4.36909e-01
1.24300e+00 4.36954e-01
1.24400e+00 4.37050e-01
1.24500e+00 4.37182e-01
1.24600e+00 4.37331e-01
1.24700e+00 4.37472e-01
1.24800e+00 4.37574e-01
1.24900e+00 4.37604e-01
1.25000e+00 4.37554e-01
1.25100e+00 4.37480e-01
1.25200e+00 4.37443e-01
1.25300e+00 4.37477e-01
1.25400e+00 4.37558e-01
1.25500e+00 4.37650e-01
1.25600e+00 4.37730e-01
1.25700e+00 4.37788e-01
1.25800e+00 4.37818e-01
1.25900e+00 4.37820e-01
1.26000e+00 4.37808e-01
1.26100e+00 4.37798e-01
1.26200e+00 4.37800e-01
1.26300e+00 4.37804e-01
1.26400e+00 4.37801e-01
1.26500e+00 4.37781e-01
1.26600e+00 4.37741e-01
1.26700e+00 4.37677e-01
1.26800e+00 4.37594e-01
1.26900e+00 4.37513e-01
1.27000e+00 4.37457e-01
1.27100e+00 4.37433e-01
1.27200e+00 4.37413e-01
1.27300e+00 4.37362e-01
1.27400e+00 4.37266e-01
1.27500e+00 4.37150e-01
1.27600e+00 4.37048e-01
1.27700e+00 4.36975e-01
1.27800e+00 4.36914e-01
1.27900e+00 4.36843e-01
1.28000e+00 4.36744e-01
1.28100e+00 4.36614e-01
1.28200e+00 4.36451e-01
1.28300e+00 4.36260e-01
1.28400e+00 4.36060e-01
1.28500e+00 4.35870e-01
1.28600e+00 4.35702e-01
1.28700e+00 4.35543e-01
1.28800e+00 4.35377e-01
1.28900e+00 4.35190e-01
1.29000e+00 4.34974e-01
1.29100e+00 4.34718e-01
1.29200e+00 4.34423e-01
1.29300e+00 4.34109e-01
1.29400e+00 4.33800e-01
1.29500e+00 4.33509e-01
1.29600e+00 4.33221e-01
1.29700e+00 4.32919e-01
1.29800e+00 4.32584e-01
1.29900e+00 4.32203e-01
1.30000e+00 4.31757e-01
1.30100e+00 4.31249e-01
1.30200e+00 4.30723e-01
1.30300e+00 4.30227e-01
1.30400e+00 4.29786e-01
1.30500e+00 4.29369e-01
1.30600e+00 4.28942e-01
1.30700e+00 4.28478e-01
1.30800e+00 4.27975e-01
1.30900e+00 4.27435e-01
1.31000e+00 4.26861e-01
1.31100e+00 4.26260e-01
1.31200e+00 4.25641e-01
1.31300e+00 4.25007e-01
1.31400e+00 4.24345e-01
1.31500e+00 4.23640e-01
1.31600e+00 4.22886e-01
1.31700e+00 4.22095e-01
1.31800e+00 4.21281e-01
1.31900e+00 4.20453e-01
1.32000e+00 4.19613e-01
1.32100e+00 4.18758e-01
1.32200e+00 4.17893e-01
1.32300e+00 4.17027e-01
1.32400e+00 4.16169e-01
1.32500e+00 4.15323e-01
1.32600e+00 4.14472e-01
1.32700e+00 4.13601e-01
1.32800e+00 4.12701e-01
1.32900e+00 4.11784e-01
1.33000e+00 4.10865e-01
1.33100e+00 4.09952e-01
1.33200e+00 4.09031e-01
1.33300e+00 4.08086e-01
1.33400e+00 4.07112e-01
1.33500e+00 4.06120e-01
1.33600e+00 4.05126e-01
1.33700e+00 4.04134e-01
1.33800e+00 4.03129e-01
1.33900e+00 4.02094e-01
1.34000e+00 4.01026e-01
1.34100e+00 3.99952e-01
1.34200e+00 3.98903e-01
1.34300e+00 3.97900e-01
1.34400e+00 3.96936e-01
1.34500e+00 3.96000e-01
1.34600e+00 3.95081e-01
1.34700e+00 3.94174e-01
1.34800e+00 3.93268e-01
1.34900e+00 3.92360e-01
1.35000e+00 3.91457e-01
1.35100e+00 3.90566e-01
1.35200e+00 3.89687e-01
1.35300e+00 3.88798e-01
1.35400e+00 3.87877e-01
1.35500e+00 3.86907e-01
1.35600e+00 3.85884e-01
1.35700e+00 3.84804e-01
1.35800e+00 3.83678e-01
1.35900e+00 3.82538e-01
1.36000e+00 3.81422e-01
1.36100e+00 3.80340e-01
1.36200e+00 3.79239e-01
1.36300e+00 3.78061e-01
1.36400e+00 3.76764e-01
1.36500e+00 3.75352e-01
1.36600e+00 3.73832e-01
1.36700e+00 3.72211e-01
1.36800e+00 3.70492e-01
1.36900e+00 3.68679e-01
1.37000e+00 3.66771e-01
1.37100e+00 3.64760e-01
1.37200e+00 3.62636e-01
1.37300e+00 3.60387e-01
1.37400e+00 3.57988e-01
1.37500e+00 3.55415e-01
1.37600e+00 3.52645e-01
1.37700e+00 3.49653e-01
1.37800e+00 3.46414e-01
1.37900e+00 3.42919e-01
1.38000e+00 3.39187e-01
1.38100e+00 3.35242e-01
1.38200e+00 3.31108e-01
1.38300e+00 3.26806e-01
1.38400e+00 3.22358e-01
1.38500e+00 3.17774e-01
1.38600e+00 3.13041e-01
1.38700e+00 3.08142e-01
1.38800e+00 3.03072e-01
1.38900e+00 2.97852e-01
1.39000e+00 2.92505e-01
1.39100e+00 2.87064e-01
1.39200e+00 2.81579e-01
1.39300e+00 2.76100e-01
1.39400e+00 2.70667e-01
1.39500e+00 2.65290e-01
1.39600e+00 2.59976e-01
1.39700e+00 2.54732e-01
1.39800e+00 2.49567e-01
1.39900e+00 2.44494e-01
1.40000e+00 2.39524e-01
1.40100e+00 2.34680e-01
1.40200e+00 2.29983e-01
1.40300e+00 2.25449e-01
1.40400e+00 2.21081e-01
1.40500e+00 2.16879e-01
1.40600e+00 2.12842e-01
1.40700e+00 2.08973e-01
1.40800e+00 2.05270e-01
1.40900e+00 2.01736e-01
1.41000e+00 1.98379e-01
1.41100e+00 1.95208e-01
1.41200e+00 1.92227e-01
1.41300e+00 1.89419e-01
1.41400e+00 1.86770e-01
1.41500e+00 1.84269e-01
1.41600e+00 1.81925e-01
1.41700e+00 1.79750e-01
1.41800e+00 1.77739e-01
1.41900e+00 1.75866e-01
1.42000e+00 1.74096e-01
1.42100e+00 1.72409e-01
1.42200e+00 1.70816e-01
1.42300e+00 1.69329e-01
1.42400e+00 1.67956e-01
1.42500e+00 1.66687e-01
1.42600e+00 1.65514e-01
1.42700e+00 1.64429e-01
1.42800e+00 1.63421e-01
1.42900e+00 1.62484e-01
1.43000e+00 1.61611e-01
1.43100e+00 1.60797e-01
1.43200e+00 1.60038e-01
1.43300e+00 1.59335e-01
1.43400e+00 1.58705e-01
1.43500e+00 1.58163e-01
1.43600e+00 1.57714e-01
1.43700e+00 1.57332e-01
1.43800e+00 1.56988e-01
1.43900e+00 1.56663e-01
1.44000e+00 1.56362e-01
1.44100e+00 1.56094e-01
1.44200e+00 1.55863e-01
1.44300e+00 1.55660e-01
1.44400e+00 1.55476e-01
1.44500e+00 1.55309e-01
1.44600e+00 1.55178e-01
1.44700e+00 1.55100e-01
1.44800e+00 1.55085e-01
1.44900e+00 1.55118e-01
1.45000e+00 1.55181e-01
1.45100e+00 1.55259e-01
1.45200e+00 1.55347e-01
1.45300e+00 1.55443e-01
1.45400e+00 1.55550e-01
1.45500e+00 1.55685e-01
1.45600e+00 1.55867e-01
1.45700e+00 1.56107e-01
1.45800e+00 1.56401e-01
1.45900e+00 1.56741e-01
1.46000e+00 1.57122e-01
1.46100e+00 1.57544e-01
1.46200e+00 1.58007e-01
1.46300e+00 1.58512e-01
1.46400e+00 1.59056e-01
1.46500e+00 1.59636e-01
1.46600e+00 1.60252e-01
1.46700e+00 1.60910e-01
1.46800e+00 1.61618e-01
1.46900e+00 1.62382e-01
1.47000e+00 1.63201e-01
1.47100e+00 1.64078e-01
1.47200e+00 1.65008e-01
1.47300e+00 1.65979e-01
1.47400e+00 1.66976e-01
1.47500e+00 1.67991e-01
1.47600e+00 1.69024e-01
1.47700e+00 1.70080e-01
1.47800e+00 1.71163e-01
1.47900e+00 1.72276e-01
1.48000e+00 1.73425e-01
1.48100e+00 1.74612e-01
1.48200e+00 1.75836e-01
1.48300e+00 1.77095e-01
1.48400e+00 1.78385e-01
1.48500e+00 1.79686e-01
1.48600e+00 1.80982e-01
1.48700e+00 1.82262e-01
1.48800e+00 1.83537e-01
1.48900e+00 1.84820e-01
1.49000e+00 1.86119e-01
1.49100e+00 1.87429e-01
1.49200e+00 1.88745e-01
1.49300e+00 1.90061e-01
1.49400e+00 1.91377e-01
1.49500e+00 1.92691e-01
1.49600e+00 1.94006e-01
1.49700e+00 1.95334e-01
1.49800e+00 1.96689e-01
1.49900e+00 1.98076e-01
1.50000e+00 1.99486e-01
1.50100e+00 2.00906e-01
1.50200e+00 2.02324e-01
1.50300e+00 2.03738e-01
1.50400e+00 2.05142e-01
1.50500e+00 2.06535e-01
1.50600e+00 2.07919e-01
1.50700e+00 2.09293e-01
1.50800e+00 2.10658e-01
1.50900e+00 2.12006e-01
1.51000e+00 2.13331e-01
1.51100e+00 2.14634e-01
1.51200e+00 2.15933e-01
1.51300e+00 2.17251e-01
1.51400e+00 2.18599e-01
1.51500e+00 2.19969e-01
1.51600e+00 2.21353e-01
1.51700e+00 2.22737e-01
1.51800e+00 2.24106e-01
1.51900e+00 2.25442e-01
1.52000e+00 2.26736e-01
1.52100e+00 2.27999e-01
1.52200e+00 2.29243e-01
1.52300e+00 2.30477e-01
1.52400e+00 2.31699e-01
1.52500e+00 2.32905e-01
1.52600e+00 2.34098e-01
1.52700e+00 2.35291e-01
1.52800e+00 2.36498e-01
1.52900e+00 2.37725e-01
1.53000e+00 2.38958e-01
1.53100e+00 2.40180e-01
1.53200e+00 2.41379e-01
1.53300e+00 2.42553e-01
1.53400e+00 2.43704e-01
1.53500e+00 2.44832e-01
1.53600e+00 2.45939e-01
1.53700e+00 2.47027e-01
1.53800e+00 2.48098e-01
1.53900e+00 2.49155e-01
1.54000e+00 2.50198e-01
1.54100e+00 2.51230e-01
1.54200e+00 2.52255e-01
1.54300e+00 2.53276e-01
1.54400e+00 2.54298e-01
1.54500e+00 2.55329e-01
1.54600e+00 2.56375e-01
1.54700e+00 2.57439e-01
1.54800e+00 2.58509e-01
1.54900e+00 2.59574e-01
1.55000e+00 2.60620e-01
1.55100e+00 2.61632e-01
1.55200e+00 2.62594e-01
1.55300e+00 2.63503e-01
1.55400e+00 2.64388e-01
1.55500e+00 2.65280e-01
1.55600e+00 2.66199e-01
1.55700e+00 2.67136e-01
1.55800e+00 2.68077e-01
1.55900e+00 2.69011e-01
1.56000e+00 2.69931e-01
1.56100e+00 2.70833e-01
1.56200e+00 2.71713e-01
1.56300e+00 2.72581e-01
1.56400e+00 2.73447e-01
1.56500e+00 2.74314e-01
1.56600e+00 2.75174e-01
1.56700e+00 2.76013e-01
1.56800e+00 2.76828e-01
1.56900e+00 2.77630e-01
1.57000e+00 2.78433e-01
1.57100e+00 2.79242e-01
1.57200e+00 2.80047e-01
1.57300e+00 2.80833e-01
1.57400e+00 2.81593e-01
1.57500e+00 2.82334e-01
1.57600e+00 2.83066e-01
1.57700e+00 2.83796e-01
1.57800e+00 2.84527e-01
1.57900e+00 2.85262e-01
1.58000e+00 2.86000e-01
1.58100e+00 2.86735e-01
1.58200e+00 2.87461e-01
1.58300e+00 2.88173e-01
1.58400e+00 2.88873e-01
1.58500e+00 2.89564e-01
1.58600e+00 2.90248e-01
1.58700e+00 2.90931e-01
1.58800e+00 2.91615e-01
1.58900e+00 2.92302e-01
1.59000e+00 2.92982e-01
1.59100e+00 2.93644e-01
1.59200e+00 2.94283e-01
1.59300e+00 2.94912e-01
1.59400e+00 2.95541e-01
1.59500e+00 2.96176e-01
1.59600e+00 2.96807e-01
1.59700e+00 2.97421e-01
1.59800e+00 2.98011e-01
1.59900e+00 2.98591e-01
1.60000e+00 2.99174e-01
1.60100e+00 2.99770e-01
1.60200e+00 3.00375e-01
1.60300e+00 3.00982e-01
1.60400e+00 3.01586e-01
1.60500e+00 3.02179e-01
1.60600e+00 3.02750e-01
1.60700e+00 3.03295e-01
1.60800e+00 3.03811e-01
1.60900e+00 3.04297e-01
1.61000e+00 3.04759e-01
1.61100e+00 3.05208e-01
1.61200e+00 3.05661e-01
1.61300e+00 3.06124e-01
1.61400e+00 3.06591e-01
1.61500e+00 3.07054e-01
1.61600e+00 3.07508e-01
1.61700e+00 3.07956e-01
1.61800e+00 3.08404e-01
1.61900e+00 3.08854e-01
1.62000e+00 3.09300e-01
1.62100e+00 3.09738e-01
1.62200e+00 3.10163e-01
1.62300e+00 3.10579e-01
1.62400e+00 3.10990e-01
1.62500e+00 3.11398e-01
1.62600e+00 3.11803e-01
1.62700e+00 3.12204e-01
1.62800e+00 3.12600e-01
1.62900e+00 3.12989e-01
1.63000e+00 3.13370e-01
1.63100e+00 3.13742e-01
1.63200e+00 3.14100e-01
1.63300e+00 3.14439e-01
1.63400e+00 3.14755e-01
1.63500e+00 3.15036e-01
1.63600e+00 3.15274e-01
1.63700e+00 3.15464e-01
1.63800e+00 3.15618e-01
1.63900e+00 3.15752e-01
1.64000e+00 3.15878e-01
1.64100e+00 3.16003e-01
1.64200e+00 3.16133e-01
1.64300e+00 3.16269e-01
1.64400e+00 3.16397e-01
1.64500e+00 3.16499e-01
1.64600e+00 3.16562e-01
1.64700e+00 3.16578e-01
1.64800e+00 3.16540e-01
1.64900e+00 3.16455e-01
1.65000e+00 3.16348e-01
1.65100e+00 3.16249e-01
1.65200e+00 3.16175e-01
1.65300e+00 3.16105e-01
1.65400e+00 3.16017e-01
1.65500e+00 3.15894e-01
1.65600e+00 3.15735e-01
1.65700e+00 3.15543e-01
1.65800e+00 3.15327e-01
1.65900e+00 3.15118e-01
1.66000e+00 3.14948e-01
1.66100e+00 3.14828e-01
1.66200e+00 3.14733e-01
1.66300e+00 3.14626e-01
1.66400e+00 3.14489e-01
1.66500e+00 3.14331e-01
1.66600e+00 3.14166e-01
1.66700e+00 3.14009e-01
1.66800e+00 3.13872e-01
1.66900e+00 3.13767e-01
1.67000e+00 3.13695e-01
1.67100e+00 3.13635e-01
1.67200e+00 3.13565e-01
1.67300e+00 3.13471e-01
1.67400e+00 3.13371e-01
1.67500e+00 3.13283e-01
1.67600e+00 3.13217e-01
1.67700e+00 3.13159e-01
1.67800e+00 3.13093e-01
1.67900e+00 3.13003e-01
1.68000e+00 3.12887e-01
1.68100e+00 3.12739e-01
1.68200e+00 3.12564e-01
1.68300e+00 3.12380e-01
1.68400e+00 3.12211e-01
1.68500e+00 3.12067e-01
1.68600e+00 3.11932e-01
1.68700e+00 3.11784e-01
1.68800e+00 3.11614e-01
1.68900e+00 3.11424e-01
1.69000e+00 3.11222e-01
1.69100e+00 3.11012e-01
1.69200e+00 3.10787e-01
1.69300e+00 3.10540e-01
1.69400e+00 3.10269e-01
1.69500e+00 3.09988e-01
1.69600e+00 3.09710e-01
1.69700e+00 3.09445e-01
1.69800e+00 3.09183e-01
1.69900e+00 3.08914e-01
1.70000e+00 3.08630e-01
1.70100e+00 3.08324e-01
1.70200e+00 3.07993e-01
1.70300e+00 3.07634e-01
1.70400e+00 3.07254e-01
1.70500e+00 3.06858e-01
1.70600e+00 3.06450e-01
1.70700e+00 3.06022e-01
1.70800e+00 3.05566e-01
1.70900e+00 3.05082e-01
1.71000e+00 3.04583e-01
1.71100e+00 3.04085e-01
1.71200e+00 3.03599e-01
1.71300e+00 3.03113e-01
1.71400e+00 3.02619e-01
1.71500e+00 3.02110e-01
1.71600e+00 3.01590e-01
1.71700e+00 3.01067e-01
1.71800e+00 3.00541e-01
1.71900e+00 3.00007e-01
1.72000e+00 2.99455e-01
1.72100e+00 2.98885e-01
1.72200e+00 2.98305e-01
1.72300e+00 2.97729e-01
1.72400e+00 2.97163e-01
1.72500e+00 2.96602e-01
1.72600e+00 2.96038e-01
1.72700e+00 2.95477e-01
1.72800e+00 2.94953e-01
1.72900e+00 2.94503e-01
1.73000e+00 2.94146e-01
1.73100e+00 2.93858e-01
1.73200e+00 2.93611e-01
1.73300e+00 2.93384e-01
1.73400e+00 2.93180e-01
1.73500e+00 2.93003e-01
1.73600e+00 2.92844e-01
1.73700e+00 2.92662e-01
1.73800e+00 2.92410e-01
1.73900e+00 2.92068e-01
1.74000e+00 2.91670e-01
1.74100e+00 2.91261e-01
1.74200e+00 2.90863e-01
1.74300e+00 2.90462e-01
1.74400e+00 2.90035e-01
1.74500e+00 2.89570e-01
1.74600e+00 2.89080e-01
1.74700e+00 2.88581e-01
1.74800e+00 2.88077e-01
1.74900e+00 2.87549e-01
1.75000e+00 2.86978e-01
1.75100e+00 2.86356e-01
1.75200e+00 2.85712e-01
1.75300e+00 2.85079e-01
1.75400e+00 2.84472e-01
1.75500e+00 2.83874e-01
1.75600e+00 2.83259e-01
1.75700e+00 2.82612e-01
1.75800e+00 2.81934e-01
1.75900e+00 2.81231e-01
1.76000e+00 2.80516e-01
1.76100e+00 2.79826e-01
1.76200e+00 2.79201e-01
1.76300e+00 2.78668e-01
1.76400e+00 2.78226e-01
1.76500e+00 2.77870e-01
1.76600e+00 2.77587e-01
1.76700e+00 2.77337e-01
1.76800e+00 2.77078e-01
1.76900e+00 2.76785e-01
1.77000e+00 2.76470e-01
1.77100e+00 2.76147e-01
1.77200e+00 2.75835e-01
1.77300e+00 2.75558e-01
1.77400e+00 2.75341e-01
1.77500e+00 2.75185e-01
1.77600e+00 2.75043e-01
1.77700e+00 2.74858e-01
1.77800e+00 2.74607e-01
1.77900e+00 2.74332e-01
1.78000e+00 2.74086e-01
1.81800e+00 2.70722e-01
1.81900e+00 2.70740e-01
1.82000e+00 2.70763e-01
1.82100e+00 2.70773e-01
1.82200e+00 2.70745e-01
1.82300e+00 2.70656e-01
1.82400e+00 2.70489e-01
1.82500e+00 2.70234e-01
1.82600e+00 2.69887e-01
1.82700e+00 2.69505e-01
1.82800e+00 2.69170e-01
1.82900e+00 2.68947e-01
1.83000e+00 2.68804e-01
1.83100e+00 2.68665e-01
1.83200e+00 2.68466e-01
1.83300e+00 2.68233e-01
1.83400e+00 2.68029e-01
1.83500e+00 2.67910e-01
1.83600e+00 2.67864e-01
1.83700e+00 2.67850e-01
1.83800e+00 2.67825e-01
1.83900e+00 2.67768e-01
1.84000e+00 2.67667e-01
1.84100e+00 2.67507e-01
1.84200e+00 2.67257e-01
1.84300e+00 2.66873e-01
1.84400e+00 2.66311e-01
1.84500e+00 2.65513e-01
1.84600e+00 2.64409e-01
1.84700e+00 2.62946e-01
1.84800e+00 2.61224e-01
1.84900e+00 2.59447e-01
1.85000e+00 2.57804e-01
1.85100e+00 2.56306e-01
1.85200e+00 2.54839e-01
1.85300e+00 2.53287e-01
1.85400e+00 2.51565e-01
1.85500e+00 2.49606e-01
1.85600e+00 2.47354e-01
1.85700e+00 2.44855e-01
1.85800e+00 2.42241e-01
1.85900e+00 2.39639e-01
1.86000e+00 2.37036e-01
1.86100e+00 2.34301e-01
1.86200e+00 2.31304e-01
1.86300e+00 2.28005e-01
1.86400e+00 2.24453e-01
1.86500e+00 2.20697e-01
1.86600e+00 2.16806e-01
1.86700e+00 2.12866e-01
1.86800e+00 2.08959e-01
1.86900e+00 2.05059e-01
1.87000e+00 2.01019e-01
1.87100e+00 1.96692e-01
1.87200e+00 1.92014e-01
1.87300e+00 1.87018e-01
1.87400e+00 1.81743e-01
1.87500e+00 1.76295e-01
1.87600e+00 1.70857e-01
1.87700e+00 1.65618e-01
1.87800e+00 1.60587e-01
1.87900e+00 1.55551e-01
1.88000e+00 1.50280e-01
1.88100e+00 1.44692e-01
1.88200e+00 1.38910e-01
1.88300e+00 1.33067e-01
1.88400e+00 1.27289e-01
1.88500e+00 1.21678e-01
1.88600e+00 1.16335e-01
1.88700e+00 1.11307e-01
1.88800e+00 1.06548e-01
1.88900e+00 1.02005e-01
1.89000e+00 9.76331e-02
1.89100e+00 9.34056e-02
1.89200e+00 8.92974e-02
1.89300e+00 8.53044e-02
1.89400e+00 8.14661e-02
1.89500e+00 7.78249e-02
1.89600e+00 7.44120e-02
1.89700e+00 7.12340e-02
1.89800e+00 6.82935e-02
1.89900e+00 6.56078e-02
1.90000e+00 6.32221e-02
1.90100e+00 6.11863e-02
1.90200e+00 5.94990e-02
1.90300e+00 5.80386e-02
1.90400e+00 5.66673e-02
1.90500e+00 5.53034e-02
1.90600e+00 5.40096e-02
1.90700e+00 5.28713e-02
1.90800e+00 5.19319e-02
1.90900e+00 5.11222e-02
1.91000e+00 5.03533e-02
1.91100e+00 4.95647e-02
1.91200e+00 4.87775e-02
1.91300e+00 4.80276e-02
1.91400e+00 4.73401e-02
1.91500e+00 4.67026e-02
1.91600e+00 4.60954e-02
1.91700e+00 4.55151e-02
1.91800e+00 4.50129e-02
1.91900e+00 4.46520e-02
1.92000e+00 4.44708e-02
1.92100e+00 4.44137e-02
1.92200e+00 4.44035e-02
1.92300e+00 4.43752e-02
1.92400e+00 4.43145e-02
1.92500e+00 4.42200e-02
1.92600e+00 4.40964e-02
1.92700e+00 4.39765e-02
1.92800e+00 4.39002e-02
1.92900e+00 4.38931e-02
1.93000e+00 4.39111e-02
1.93100e+00 4.38892e-02
1.93200e+00 4.37867e-02
1.93300e+00 4.36903e-02
1.93400e+00 4.37271e-02
1.93500e+00 4.39969e-02
1.93600e+00 4.44426e-02
1.93700e+00 4.49520e-02
1.93800e+00 4.54215e-02
1.93900e+00 4.57965e-02
1.94000e+00 4.60409e-02
1.94100e+00 4.61309e-02
1.94200e+00 4.61215e-02
1.94300e+00 4.60998e-02
1.94400e+00 4.61487e-02
1.94500e+00 4.63166e-02
1.94600e+00 4.66370e-02
1.94700e+00 4.71278e-02
1.94800e+00 4.76849e-02
1.94900e+00 4.81462e-02
1.95000e+00 4.83679e-02
1.95100e+00 4.83651e-02
1.95200e+00 4.82344e-02
1.95300e+00 4.80722e-02
1.95400e+00 4.79674e-02
1.95500e+00 4.80051e-02
1.95600e+00 4.82585e-02
1.95700e+00 4.86750e-02
1.95800e+00 4.91282e-02
1.95900e+00 4.95015e-02
1.96000e+00 4.97895e-02
1.96100e+00 5.00528e-02
1.96200e+00 5.03492e-02
1.96300e+00 5.07010e-02
1.96400e+00 5.11091e-02
1.96500e+00 5.15724e-02
1.96600e+00 5.20691e-02
1.96700e+00 5.25657e-02
1.96800e+00 5.30327e-02
1.96900e+00 5.34842e-02
1.97000e+00 5.39604e-02
1.97100e+00 5.44964e-02
1.97200e+00 5.50789e-02
1.97300e+00 5.56654e-02
1.97400e+00 5.62156e-02
1.97500e+00 5.67155e-02
1.97600e+00 5.71666e-02
1.97700e+00 5.75734e-02
1.97800e+00 5.79702e-02
1.97900e+00 5.84087e-02
1.98000e+00 5.89369e-02
1.98100e+00 5.95623e-02
1.98200e+00 6.02686e-02
1.98300e+00 6.10360e-02
1.98400e+00 6.18118e-02
1.98500e+00 6.25246e-02
1.98600e+00 6.31109e-02
1.98700e+00 6.35979e-02
1.98800e+00 6.40664e-02
1.98900e+00 6.45912e-02
1.99000e+00 6.51847e-02
1.99100e+00 6.58216e-02
1.99200e+00 6.64769e-02
1.99300e+00 6.71345e-02
1.99400e+00 6.77827e-02
1.99500e+00 6.84115e-02
1.99600e+00 6.90245e-02
1.99700e+00 6.96335e-02
1.99800e+00 7.02490e-02
1.99900e+00 7.08635e-02
2.00000e+00 7.14593e-02
2.00100e+00 7.20242e-02
2.00200e+00 7.26038e-02
2.00300e+00 7.32774e-02
2.00400e+00 7.41125e-02
2.00500e+00 7.50426e-02
2.00600e+00 7.59222e-02
2.00700e+00 7.66170e-02
2.00800e+00 7.71131e-02
2.00900e+00 7.74686e-02
2.01000e+00 7.77446e-02
2.01100e+00 7.80326e-02
2.01200e+00 7.84417e-02
2.01300e+00 7.90676e-02
2.01400e+00 7.98717e-02
2.01500e+00 8.07358e-02
2.01600e+00 8.15466e-02
2.01700e+00 8.22592e-02
2.01800e+00 8.28690e-02
2.01900e+00 8.33758e-02
2.02000e+00 8.38232e-02
2.02100e+00 8.42802e-02
2.02200e+00 8.48110e-02
2.02300e+00 8.54179e-02
2.02400e+00 8.60679e-02
2.02500e+00 8.67319e-02
2.02600e+00 8.74293e-02
2.02700e+00 8.82082e-02
2.02800e+00 8.91097e-02
2.02900e+00 9.00967e-02
2.03000e+00 9.10851e-02
2.03100e+00 9.19981e-02
2.03200e+00 9.28328e-02
2.03300e+00 9.36299e-02
2.03400e+00 9.44253e-02
2.03500e+00 9.51987e-02
2.03600e+00 9.58968e-02
2.03700e+00 9.64732e-02
2.03800e+00 9.69592e-02
2.03900e+00 9.74317e-02
2.04000e+00 9.79569e-02
2.04100e+00 9.84919e-02
2.04200e+00 9.89283e-02
2.04300e+00 9.91688e-02
2.04400e+00 9.92363e-02
2.04500e+00 9.92246e-02
2.04600e+00 9.92258e-02
2.04700e+00 9.92994e-02
2.04800e+00 9.94869e-02
2.04900e+00 9.98218e-02
2.05000e+00 1.00264e-01
2.05100e+00 1.00730e-01
2.05200e+00 1.01148e-01
2.05300e+00 1.01568e-01
2.05400e+00 1.02115e-01
2.05500e+00 1.02901e-01
2.05600e+00 1.03893e-01
2.05700e+00 1.04972e-01
2.05800e+00 1.06026e-01
2.05900e+00 1.07007e-01
2.06000e+00 1.07905e-01
2.06100e+00 1.08710e-01
2.06200e+00 1.09402e-01
2.06300e+00 1.09955e-01
2.06400e+00 1.10351e-01
2.06500e+00 1.10630e-01
2.06600e+00 1.10871e-01
2.06700e+00 1.11146e-01
2.06800e+00 1.11492e-01
2.06900e+00 1.11924e-01
2.07000e+00 1.12451e-01
2.07100e+00 1.13040e-01
2.07200e+00 1.13632e-01
2.07300e+00 1.14174e-01
2.07400e+00 1.14676e-01
2.07500e+00 1.15183e-01
2.07600e+00 1.15739e-01
2.07700e+00 1.16333e-01
2.07800e+00 1.16930e-01
2.07900e+00 1.17493e-01
2.08000e+00 1.18031e-01
2.08100e+00 1.18575e-01
2.08200e+00 1.19153e-01
2.08300e+00 1.19750e-01
2.08400e+00 1.20333e-01
2.08500e+00 1.20867e-01
2.08600e+00 1.21347e-01
2.08700e+00 1.21789e-01
2.08800e+00 1.22209e-01
2.08900e+00 1.22661e-01
2.09000e+00 1.23219e-01
2.09100e+00 1.23951e-01
2.09200e+00 1.24827e-01
2.09300e+00 1.25763e-01
2.09400e+00 1.26676e-01
2.09500e+00 1.27513e-01
2.09600e+00 1.28236e-01
2.09700e+00 1.28817e-01
2.09800e+00 1.29300e-01
2.09900e+00 1.29778e-01
2.10000e+00 1.30332e-01
2.10100e+00 1.30956e-01
2.10200e+00 1.31587e-01
2.10300e+00 1.32166e-01
2.10400e+00 1.32654e-01
2.10500e+00 1.33022e-01
2.10600e+00 1.33252e-01
2.10700e+00 1.33434e-01
2.10800e+00 1.33722e-01
2.10900e+00 1.34252e-01
2.11000e+00 1.34989e-01
2.11100e+00 1.35792e-01
2.11200e+00 1.36530e-01
2.11300e+00 1.37178e-01
2.11400e+00 1.37774e-01
2.11500e+00 1.38352e-01
2.11600e+00 1.38915e-01
2.11700e+00 1.39439e-01
2.11800e+00 1.39909e-01
2.11900e+00 1.40336e-01
2.12000e+00 1.40754e-01
2.12100e+00 1.41194e-01
2.12200e+00 1.41684e-01
2.12300e+00 1.42251e-01
2.12400e+00 1.42911e-01
2.12500e+00 1.43595e-01
2.12600e+00 1.44176e-01
2.12700e+00 1.44542e-01
2.12800e+00 1.44701e-01
2.12900e+00 1.44733e-01
2.13000e+00 1.44718e-01
2.13100e+00 1.44732e-01
2.13200e+00 1.44845e-01
2.13300e+00 1.45116e-01
2.13400e+00 1.45495e-01
2.13500e+00 1.45863e-01
2.13600e+00 1.46115e-01
2.13700e+00 1.46309e-01
2.13800e+00 1.46592e-01
2.13900e+00 1.47098e-01
2.14000e+00 1.47750e-01
2.14100e+00 1.48350e-01
2.14200e+00 1.48719e-01
2.14300e+00 1.48875e-01
2.14400e+00 1.48957e-01
2.14500e+00 1.49095e-01
2.14600e+00 1.49336e-01
2.14700e+00 1.49676e-01
2.14800e+00 1.50110e-01
2.14900e+00 1.50610e-01
2.15000e+00 1.51135e-01
2.15100e+00 1.51650e-01
2.15200e+00 1.52159e-01
2.15300e+00 1.52694e-01
2.15400e+00 1.53281e-01
2.15500e+00 1.53920e-01
2.15600e+00 1.54591e-01
2.15700e+00 1.55276e-01
2.15800e+00 1.55967e-01
2.15900e+00 1.56659e-01
2.16000e+00 1.57345e-01
2.16100e+00 1.57966e-01
2.16200e+00 1.58436e-01
2.16300e+00 1.58684e-01
2.16400e+00 1.58812e-01
2.16500e+00 1.59024e-01
2.16600e+00 1.59498e-01
2.16700e+00 1.60169e-01
2.16800e+00 1.60819e-01
2.16900e+00 1.61255e-01
2.17000e+00 1.61516e-01
2.17100e+00 1.61779e-01
2.17200e+00 1.62204e-01
2.17300e+00 1.62751e-01
2.17400e+00 1.63260e-01
2.17500e+00 1.63586e-01
2.17600e+00 1.63752e-01
2.17700e+00 1.63877e-01
2.17800e+00 1.64071e-01
2.17900e+00 1.64348e-01
2.18000e+00 1.64664e-01
2.18100e+00 1.64972e-01
2.18200e+00 1.65229e-01
2.18300e+00 1.65392e-01
2.18400e+00 1.65429e-01
2.18500e+00 1.65409e-01
2.18600e+00 1.65464e-01
2.18700e+00 1.65713e-01
2.18800e+00 1.66134e-01
2.18900e+00 1.66622e-01
2.19000e+00 1.67083e-01
2.19100e+00 1.67530e-01
2.19200e+00 1.68034e-01
2.19300e+00 1.68657e-01
2.19400e+00 1.69360e-01
2.19500e+00 1.70057e-01
2.19600e+00 1.70669e-01
2.19700e+00 1.71209e-01
2.19800e+00 1.71732e-01
2.19900e+00 1.72280e-01
2.20000e+00 1.72800e-01
2.20100e+00 1.73199e-01
2.20200e+00 1.73404e-01
2.20300e+00 1.73486e-01
2.20400e+00 1.73569e-01
2.20500e+00 1.73768e-01
2.20600e+00 1.74105e-01
2.20700e+00 1.74569e-01
2.20800e+00 1.75133e-01
2.20900e+00 1.75669e-01
2.21000e+00 1.76017e-01
2.21100e+00 1.76050e-01
2.21200e+00 1.75830e-01
2.21300e+00 1.75478e-01
2.21400e+00 1.75099e-01
2.21500e+00 1.74737e-01
2.21600e+00 1.74413e-01
2.21700e+00 1.74140e-01
2.21800e+00 1.73895e-01
2.21900e+00 1.73642e-01
2.22000e+00 1.73363e-01
2.22100e+00 1.73102e-01
2.22200e+00 1.72920e-01
2.22300e+00 1.72850e-01
2.22400e+00 1.72816e-01
2.22500e+00 1.72721e-01
2.22600e+00 1.72491e-01
2.22700e+00 1.72147e-01
2.22800e+00 1.71727e-01
2.22900e+00 1.71260e-01
2.23000e+00 1.70720e-01
2.23100e+00 1.70077e-01
2.23200e+00 1.69334e-01
2.23300e+00 1.68604e-01
2.23400e+00 1.68023e-01
2.23500e+00 1.67653e-01
2.23600e+00 1.67372e-01
2.23700e+00 1.67022e-01
2.23800e+00 1.66508e-01
2.23900e+00 1.65890e-01
2.24000e+00 1.65255e-01
2.24100e+00 1.64686e-01
2.24200e+00 1.64261e-01
2.24300e+00 1.64053e-01
2.24400e+00 1.64069e-01
2.24500e+00 1.64155e-01
2.24600e+00 1.64137e-01
2.24700e+00 1.63918e-01
2.24800e+00 1.63560e-01
2.24900e+00 1.63141e-01
2.25000e+00 1.62699e-01
2.25100e+00 1.62196e-01
2.25200e+00 1.61581e-01
2.25300e+00 1.60845e-01
2.25400e+00 1.60046e-01
2.25500e+00 1.59248e-01
2.25600e+00 1.58485e-01
2.25700e+00 1.57732e-01
2.25800e+00 1.56962e-01
2.25900e+00 1.56169e-01
2.26000e+00 1.55384e-01
2.26100e+00 1.54638e-01
2.26200e+00 1.53938e-01
2.26300e+00 1.53254e-01
2.26400e+00 1.52552e-01
2.26500e+00 1.51793e-01
2.26600e+00 1.50930e-01
2.26700e+00 1.49916e-01
2.26800e+00 1.48815e-01
2.26900e+00 1.47825e-01
2.27000e+00 1.47147e-01
2.27100e+00 1.46799e-01
2.27200e+00 1.46588e-01
2.27300e+00 1.46310e-01
2.27400e+00 1.45885e-01
2.27500e+00 1.45355e-01
2.27600e+00 1.44770e-01
2.27700e+00 1.44148e-01
2.27800e+00 1.43472e-01
2.27900e+00 1.42728e-01
2.28000e+00 1.41989e-01
2.28100e+00 1.41404e-01
2.28200e+00 1.41120e-01
2.28300e+00 1.41106e-01
2.28400e+00 1.41174e-01
2.28500e+00 1.41138e-01
2.28600e+00 1.40901e-01
2.28700e+00 1.40437e-01
2.28800e+00 1.39728e-01
2.28900e+00 1.38833e-01
2.29000e+00 1.37871e-01
2.29100e+00 1.36953e-01
2.29200e+00 1.36093e-01
2.29300e+00 1.35236e-01
2.29400e+00 1.34329e-01
2.29500e+00 1.33379e-01
2.29600e+00 1.32429e-01
2.29700e+00 1.31521e-01
2.29800e+00 1.30657e-01
2.29900e+00 1.29811e-01
2.30000e+00 1.28960e-01
2.30100e+00 1.28100e-01
2.30200e+00 1.27239e-01
2.30300e+00 1.26386e-01
2.30400e+00 1.25568e-01
2.30500e+00 1.24822e-01
2.30600e+00 1.24175e-01
2.30700e+00 1.23591e-01
2.30800e+00 1.23001e-01
2.30900e+00 1.22349e-01
2.31000e+00 1.21679e-01
2.31100e+00 1.21079e-01
2.31200e+00 1.20629e-01
2.31300e+00 1.20330e-01
2.31400e+00 1.20148e-01
2.31500e+00 1.20050e-01
2.31600e+00 1.20015e-01
2.31700e+00 1.20025e-01
2.31800e+00 1.20066e-01
2.31900e+00 1.20150e-01
2.32000e+00 1.20300e-01
2.32100e+00 1.20522e-01
2.32200e+00 1.20717e-01
2.32300e+00 1.20752e-01
2.32400e+00 1.20523e-01
2.32500e+00 1.20060e-01
2.32600e+00 1.19439e-01
2.32700e+00 1.18755e-01
2.32800e+00 1.18196e-01
2.32900e+00 1.17976e-01
2.33000e+00 1.18224e-01
2.33100e+00 1.18680e-01
2.33200e+00 1.18983e-01
2.33300e+00 1.18863e-01
2.33400e+00 1.18431e-01
2.33500e+00 1.17892e-01
2.33600e+00 1.17399e-01
2.33700e+00 1.16903e-01
2.33800e+00 1.16299e-01
2.33900e+00 1.15521e-01
2.34000e+00 1.14635e-01
2.34100e+00 1.13742e-01
2.34200e+00 1.12923e-01
2.34300e+00 1.12179e-01
2.34400e+00 1.11491e-01
2.34500e+00 1.10857e-01
2.34600e+00 1.10347e-01
2.34700e+00 1.10047e-01
2.34800e+00 1.09994e-01
2.34900e+00 1.10014e-01
2.35000e+00 1.09881e-01
2.35100e+00 1.09434e-01
2.35200e+00 1.08752e-01
2.35300e+00 1.07978e-01
2.35400e+00 1.07230e-01
2.35500e+00 1.06516e-01
2.35600e+00 1.05818e-01
2.35700e+00 1.05139e-01
2.35800e+00 1.04565e-01
2.35900e+00 1.04202e-01
2.36000e+00 1.04108e-01
2.36100e+00 1.04159e-01
2.36200e+00 1.04185e-01
2.36300e+00 1.04077e-01
2.36400e+00 1.03977e-01
2.36500e+00 1.04090e-01
2.36600e+00 1.04507e-01
2.36700e+00 1.04869e-01
2.36800e+00 1.04704e-01
2.36900e+00 1.03703e-01
2.37000e+00 1.02223e-01
2.37100e+00 1.00785e-01
2.37200e+00 9.97798e-02
2.37300e+00 9.90851e-02
2.37400e+00 9.84493e-02
2.37500e+00 9.76937e-02
2.37600e+00 9.69325e-02
2.37700e+00 9.63526e-02
2.37800e+00 9.60889e-02
2.37900e+00 9.60690e-02
2.38000e+00 9.61681e-02
2.38100e+00 9.62733e-02
2.38200e+00 9.63185e-02
2.38300e+00 9.62491e-02
2.38400e+00 9.60131e-02
2.38500e+00 9.55669e-02
2.38600e+00 9.48702e-02
2.38700e+00 9.39114e-02
2.38800e+00 9.27966e-02
2.38900e+00 9.16617e-02
2.39000e+00 9.06110e-02
2.39100e+00 8.96204e-02
2.39200e+00 8.86341e-02
2.39300e+00 8.76323e-02
2.39400e+00 8.67378e-02
2.39500e+00 8.61090e-02
2.39600e+00 8.58278e-02
2.39700e+00 8.56673e-02
2.39800e+00 8.53246e-02
2.39900e+00 8.46109e-02
2.40000e+00 8.37993e-02
2.40100e+00 8.32781e-02
2.40200e+00 8.33057e-02
2.40300e+00 8.36250e-02
2.40400e+00 8.38497e-02
2.40500e+00 8.36968e-02
2.40600e+00 8.32961e-02
2.40700e+00 8.28810e-02
2.40800e+00 8.26397e-02
2.40900e+00 8.25818e-02
2.41000e+00 8.26724e-02
2.41100e+00 8.28354e-02
2.41200e+00 8.28314e-02
2.41300e+00 8.23803e-02
2.41400e+00 8.12939e-02
2.41500e+00 7.97519e-02
2.41600e+00 7.80272e-02
2.41700e+00 7.63514e-02
2.41800e+00 7.47967e-02
2.41900e+00 7.33945e-02
2.42000e+00 7.21817e-02
2.42100e+00 7.12099e-02
2.42200e+00 7.05348e-02
2.42300e+00 7.01731e-02
2.42400e+00 6.99831e-02
2.42500e+00 6.97834e-02
2.42600e+00 6.94332e-02
2.42700e+00 6.89529e-02
2.42800e+00 6.84032e-02
2.42900e+00 6.78256e-02
2.43000e+00 6.71858e-02
2.43100e+00 6.64299e-02
2.43200e+00 6.55192e-02
2.43300e+00 6.44767e-02
2.43400e+00 6.33404e-02
2.43500e+00 6.21570e-02
2.43600e+00 6.10102e-02
2.43700e+00 5.99923e-02
2.43800e+00 5.91810e-02
2.43900e+00 5.85963e-02
2.44000e+00 5.82435e-02
2.44100e+00 5.81362e-02
2.44200e+00 5.83215e-02
2.44300e+00 5.88544e-02
2.44400e+00 5.97107e-02
2.44500e+00 6.05482e-02
2.44600e+00 6.09447e-02