2.05100e-01 3.60434e-02
2.13100e-01 3.60434e-02
2.21100e-01 3.60434e-02
2.29100e-01 3.60434e-02
2.36100e-01 3.60434e-02
2.42100e-01 3.60434e-02
2.48100e-01 3.60434e-02
2.53600e-01 3.60434e-02
2.58600e-01 3.60434e-02
2.63600e-01 3.60434e-02
2.68600e-01 3.60434e-02
2.73100e-01 3.60434e-02
2.77100e-01 3.60434e-02
2.81100e-01 3.60434e-02
2.85100e-01 3.60434e-02
2.89100e-01 3.60434e-02
2.93100e-01 3.60434e-02
2.97100e-01 3.61643e-02
3.01100e-01 3.66042e-02
3.05100e-01 3.70438e-02
3.09100e-01 3.74833e-02
3.13100e-01 3.79231e-02
3.17100e-01 3.83635e-02
3.21100e-01 3.88049e-02
3.25100e-01 3.92477e-02
3.29100e-01 3.96923e-02
3.33100e-01 4.01391e-02
3.37100e-01 4.05884e-02
3.41100e-01 4.10407e-02
3.45100e-01 4.14963e-02
3.49100e-01 4.19556e-02
3.53100e-01 4.24189e-02
3.57100e-01 4.28862e-02
3.60600e-01 4.32982e-02
3.63600e-01 4.36534e-02
3.66600e-01 4.40105e-02
3.69600e-01 4.43693e-02
3.72600e-01 4.47297e-02
3.75600e-01 4.50917e-02
3.78600e-01 4.54550e-02
3.81100e-01 4.57588e-02
3.83100e-01 4.60025e-02
3.85100e-01 4.62466e-02
3.87100e-01 4.64912e-02
3.89100e-01 4.67363e-02
3.91100e-01 4.69818e-02
3.93100e-01 4.72276e-02
3.95100e-01 4.74738e-02
3.97100e-01 4.77201e-02
3.99100e-01 4.79676e-02
4.01100e-01 4.82116e-02
4.03100e-01 4.84700e-02
4.05100e-01 4.86569e-02
4.07100e-01 4.87571e-02
4.09100e-01 4.87111e-02
4.11100e-01 4.86413e-02
4.12800e-01 4.86362e-02
4.15800e-01 4.85514e-02
4.18800e-01 4.82804e-02
4.21800e-01 4.80064e-02
4.24800e-01 4.77302e-02
4.27800e-01 4.74669e-02
4.30800e-01 4.70912e-02
4.33800e-01 4.65438e-02
4.36800e-01 4.60148e-02
4.39800e-01 4.55085e-02
4.42800e-01 4.49249e-02
4.45800e-01 4.43900e-02
4.48800e-01 4.39495e-02
4.51300e-01 4.36230e-02
4.53300e-01 4.35082e-02
4.55300e-01 4.34936e-02
4.57300e-01 4.33665e-02
4.59300e-01 4.31865e-02
4.61300e-01 4.30711e-02
4.63300e-01 4.30168e-02
4.65300e-01 4.29199e-02
4.67300e-01 4.27493e-02
4.69300e-01 4.25378e-02
4.71300e-01 4.22690e-02
4.73300e-01 4.19589e-02
4.75300e-01 4.16260e-02
4.77300e-01 4.13147e-02
4.79300e-01 4.10135e-02
4.81300e-01 4.06811e-02
4.83300e-01 4.02871e-02
4.85300e-01 3.97910e-02
4.87300e-01 3.92233e-02
4.89300e-01 3.86096e-02
4.91300e-01 3.79645e-02
4.93300e-01 3.72844e-02
4.95300e-01 3.65686e-02
4.97300e-01 3.58426e-02
4.99300e-01 3.50691e-02
5.01300e-01 3.42608e-02
5.03300e-01 3.34263e-02
5.05300e-01 3.26602e-02
5.07300e-01 3.19630e-02
5.09300e-01 3.12989e-02
5.11300e-01 3.07082e-02
5.13300e-01 3.02113e-02
5.15300e-01 2.97872e-02
5.17300e-01 2.94196e-02
5.19300e-01 2.91406e-02
5.21300e-01 2.89098e-02
5.23300e-01 2.86860e-02
5.25300e-01 2.84761e-02
5.27300e-01 2.82713e-02
5.29300e-01 2.80641e-02
5.31300e-01 2.78634e-02
5.33300e-01 2.76482e-02
5.35300e-01 2.74174e-02
5.37300e-01 2.72028e-02
5.39300e-01 2.70079e-02
5.41300e-01 2.68113e-02
5.43300e-01 2.65774e-02
5.45300e-01 2.63476e-02
5.47300e-01 2.61357e-02
5.49300e-01 2.59505e-02
5.51300e-01 2.57569e-02
5.53300e-01 2.55582e-02
5.55300e-01 2.53704e-02
5.57300e-01 2.51982e-02
5.59300e-01 2.50356e-02
5.61300e-01 2.48781e-02
5.63300e-01 2.47342e-02
5.65300e-01 2.45745e-02
5.67300e-01 2.43902e-02
5.69300e-01 2.42164e-02
5.71300e-01 2.40327e-02
5.73300e-01 2.38299e-02
5.75300e-01 2.36346e-02
5.77300e-01 2.34339e-02
5.79300e-01 2.32199e-02
5.81300e-01 2.30054e-02
5.83300e-01 2.28058e-02
5.85300e-01 2.26214e-02
5.87300e-01 2.24317e-02
5.89300e-01 2.22411e-02
5.91300e-01 2.20580e-02
5.93300e-01 2.18937e-02
5.95300e-01 2.17488e-02
5.97300e-01 2.16079e-02
5.99300e-01 2.14878e-02
6.01100e-01 2.13978e-02
6.02700e-01 2.13240e-02
6.04300e-01 2.12632e-02
6.05900e-01 2.12202e-02
6.07500e-01 2.11775e-02
6.09100e-01 2.11288e-02
6.10700e-01 2.11001e-02
6.12300e-01 2.10914e-02
6.13900e-01 2.10683e-02
6.15500e-01 2.10384e-02
6.17100e-01 2.10170e-02
6.18700e-01 2.10000e-02
6.20300e-01 2.09828e-02
6.21900e-01 2.09689e-02
6.23500e-01 2.09512e-02
6.25100e-01 2.09366e-02
6.26700e-01 2.09210e-02
6.28300e-01 2.09045e-02
6.29900e-01 2.08949e-02
6.31700e-01 2.08807e-02
6.33700e-01 2.08550e-02
6.35700e-01 2.08367e-02
6.37700e-01 2.08233e-02
6.39700e-01 2.08199e-02
6.41700e-01 2.08054e-02
6.43700e-01 2.07869e-02
6.45700e-01 2.07834e-02
6.47700e-01 2.07651e-02
6.49700e-01 2.07385e-02
6.51700e-01 2.07210e-02
6.53700e-01 2.06977e-02
6.55700e-01 2.06613e-02
6.57700e-01 2.06541e-02
6.59700e-01 2.06483e-02
6.61700e-01 2.06317e-02
6.63700e-01 2.06181e-02
6.65700e-01 2.06093e-02
6.67700e-01 2.06049e-02
6.70200e-01 2.05999e-02
6.73200e-01 2.05771e-02
6.76200e-01 2.05561e-02
6.79200e-01 2.05335e-02
6.82200e-01 2.05062e-02
6.85200e-01 2.04794e-02
6.88200e-01 2.04663e-02
6.91200e-01 2.04377e-02
6.94200e-01 2.04152e-02
6.97200e-01 2.03805e-02
7.00200e-01 2.03407e-02
7.02000e-01 2.03283e-02
7.04000e-01 2.03137e-02
7.06000e-01 2.02945e-02
7.08000e-01 2.02752e-02
7.10000e-01 2.02605e-02
7.12000e-01 2.02457e-02
7.14000e-01 2.02265e-02
7.16000e-01 2.02164e-02
7.18000e-01 2.01928e-02
7.20000e-01 2.01694e-02
7.22000e-01 2.01506e-02
7.24000e-01 2.01275e-02
7.26000e-01 2.01046e-02
7.28000e-01 2.00774e-02
7.30000e-01 2.00550e-02
7.32000e-01 2.00329e-02
7.34000e-01 2.00291e-02
7.36000e-01 2.00212e-02
7.38000e-01 2.00181e-02
7.40000e-01 2.00109e-02
7.42000e-01 2.00086e-02
7.44000e-01 2.00069e-02
7.46000e-01 2.00011e-02
7.48000e-01 2.00003e-02
7.50500e-01 1.99507e-02
7.53500e-01 1.99563e-02
7.56500e-01 1.99562e-02
7.59500e-01 1.99554e-02
7.62500e-01 1.99523e-02
7.65500e-01 1.99468e-02
7.68500e-01 1.99395e-02
7.71500e-01 1.99306e-02
7.74500e-01 1.99207e-02
7.77500e-01 1.99101e-02
7.81000e-01 1.98974e-02
7.85000e-01 1.98833e-02
7.89000e-01 1.98706e-02
7.93000e-01 1.98603e-02
7.97000e-01 1.98534e-02
8.01500e-01 1.98507e-02
8.06500e-01 1.98508e-02
8.11500e-01 1.98457e-02
8.16500e-01 1.98353e-02
8.22000e-01 1.98197e-02
8.28000e-01 1.98000e-02
8.35000e-01 1.97769e-02
8.43000e-01 1.97559e-02
8.51000e-01 1.97468e-02
8.59000e-01 1.97531e-02
8.71000e-01 1.97825e-02
8.83000e-01 1.98198e-02
8.94000e-01 1.98455e-02
9.04000e-01 1.98500e-02
9.14000e-01 1.98343e-02
9.24000e-01 1.98068e-02
9.33000e-01 1.97798e-02
9.41000e-01 1.97595e-02
9.49000e-01 1.97477e-02
9.57000e-01 1.97472e-02
9.64000e-01 1.97496e-02
9.70000e-01 1.97471e-02
9.76000e-01 1.97360e-02
9.82000e-01 1.97175e-02
9.88000e-01 1.96943e-02
9.94000e-01 1.96687e-02
1.00000e+00 1.96434e-02
1.00600e+00 1.96203e-02
1.01200e+00 1.96000e-02
1.01800e+00 1.95825e-02
1.02350e+00 1.95691e-02
1.02850e+00 1.95590e-02
1.03350e+00 1.95510e-02
1.03850e+00 1.95451e-02
1.04350e+00 1.95414e-02
1.04850e+00 1.95398e-02
1.05350e+00 1.95403e-02
1.05850e+00 1.95404e-02
1.06350e+00 1.95367e-02
1.06850e+00 1.95283e-02
1.07350e+00 1.95165e-02
1.07850e+00 1.95021e-02
1.08350e+00 1.94863e-02
1.08850e+00 1.94700e-02
1.09350e+00 1.94543e-02
1.09850e+00 1.94402e-02
1.10350e+00 1.94287e-02
1.10850e+00 1.94198e-02
1.11350e+00 1.94130e-02
1.11850e+00 1.94079e-02
1.12350e+00 1.94040e-02
1.12850e+00 1.94009e-02
1.13350e+00 1.93981e-02
1.13850e+00 1.93951e-02
1.14350e+00 1.93914e-02
1.14850e+00 1.93866e-02
1.15350e+00 1.93803e-02
1.15850e+00 1.93727e-02
1.16350e+00 1.93644e-02
1.16850e+00 1.93560e-02
1.17350e+00 1.93481e-02
1.17850e+00 1.93413e-02
1.18350e+00 1.93363e-02
1.18850e+00 1.93336e-02
1.19350e+00 1.93336e-02
1.19850e+00 1.93338e-02
1.20350e+00 1.93306e-02
1.20850e+00 1.93231e-02
1.21350e+00 1.93124e-02
1.21850e+00 1.92995e-02
1.22350e+00 1.92853e-02
1.22850e+00 1.92709e-02
1.23350e+00 1.92572e-02
1.23850e+00 1.92454e-02
1.24350e+00 1.92363e-02
1.24850e+00 1.92310e-02
1.25350e+00 1.92302e-02
1.25850e+00 1.92302e-02
1.26350e+00 1.92267e-02
1.26850e+00 1.92195e-02
1.27350e+00 1.92091e-02
1.27850e+00 1.91962e-02
1.28350e+00 1.91815e-02
1.28850e+00 1.91656e-02
1.29350e+00 1.91490e-02
1.29850e+00 1.91324e-02
1.30350e+00 1.91165e-02
1.30850e+00 1.91014e-02
1.31350e+00 1.90874e-02
1.31850e+00 1.90745e-02
1.32350e+00 1.90627e-02
1.32850e+00 1.90523e-02
1.33350e+00 1.90433e-02
1.33850e+00 1.90358e-02
1.34350e+00 1.90300e-02
1.34850e+00 1.90258e-02
1.35350e+00 1.90235e-02
1.35850e+00 1.90228e-02
1.36350e+00 1.90232e-02
1.36850e+00 1.90244e-02
1.37350e+00 1.90261e-02
1.37850e+00 1.90277e-02
1.38350e+00 1.90289e-02
1.38850e+00 1.90293e-02
1.39350e+00 1.90285e-02
1.39850e+00 1.90261e-02
1.40350e+00 1.90217e-02
1.40850e+00 1.90154e-02
1.41350e+00 1.90074e-02
1.41850e+00 1.89980e-02
1.42350e+00 1.89875e-02
1.42850e+00 1.89760e-02
1.43350e+00 1.89639e-02
1.43850e+00 1.89514e-02
1.44350e+00 1.89388e-02
1.44850e+00 1.89262e-02
1.45350e+00 1.89141e-02
1.45850e+00 1.89024e-02
1.46350e+00 1.88911e-02
1.46850e+00 1.88803e-02
1.47350e+00 1.88698e-02
1.47850e+00 1.88597e-02
1.48350e+00 1.88500e-02
1.48850e+00 1.88407e-02
1.49350e+00 1.88316e-02
1.49850e+00 1.88229e-02
1.50350e+00 1.88144e-02
1.50850e+00 1.88062e-02
1.51350e+00 1.87978e-02
1.51850e+00 1.87893e-02
1.52350e+00 1.87803e-02
1.52850e+00 1.87708e-02
1.53400e+00 1.87594e-02
1.54000e+00 1.87455e-02
1.54600e+00 1.87299e-02
1.55200e+00 1.87121e-02
1.55800e+00 1.86926e-02
1.56400e+00 1.86726e-02
1.57050e+00 1.86519e-02
1.57750e+00 1.86326e-02
1.58450e+00 1.86185e-02
1.59150e+00 1.86117e-02
1.59850e+00 1.86144e-02
1.60550e+00 1.86281e-02
1.61250e+00 1.86488e-02
1.61950e+00 1.86702e-02
1.62650e+00 1.86861e-02
1.63350e+00 1.86902e-02
1.64050e+00 1.86760e-02
1.64750e+00 1.86374e-02
1.65450e+00 1.85704e-02
1.66150e+00 1.85026e-02
1.66850e+00 1.84659e-02
1.67600e+00 1.84567e-02
1.68400e+00 1.84696e-02
1.69200e+00 1.84932e-02
1.70000e+00 1.85148e-02
1.70800e+00 1.85240e-02
1.71600e+00 1.85204e-02
1.72400e+00 1.85063e-02
1.73200e+00 1.84838e-02
1.74000e+00 1.84549e-02
1.74800e+00 1.84220e-02
1.75600e+00 1.83870e-02
1.76400e+00 1.83513e-02
1.77200e+00 1.83160e-02
1.78000e+00 1.82822e-02
1.78800e+00 1.82509e-02
1.79600e+00 1.82232e-02
1.80500e+00 1.81974e-02
1.81500e+00 1.81750e-02
1.82500e+00 1.81566e-02
1.83500e+00 1.81394e-02
1.84500e+00 1.81208e-02
1.85500e+00 1.80981e-02
1.86500e+00 1.80695e-02
1.87500e+00 1.80340e-02
1.88500e+00 1.79907e-02
1.89500e+00 1.79386e-02
1.90500e+00 1.78769e-02
1.91500e+00 1.78114e-02
1.92500e+00 1.77537e-02
1.93500e+00 1.77160e-02
1.94500e+00 1.77086e-02
1.95500e+00 1.77003e-02
1.96500e+00 1.76597e-02
1.97500e+00 1.75961e-02
1.98500e+00 1.75205e-02
1.99500e+00 1.74443e-02
2.00500e+00 1.73781e-02
2.01500e+00 1.73260e-02
2.02500e+00 1.72850e-02
2.03500e+00 1.72521e-02
2.04500e+00 1.72241e-02
2.05500e+00 1.71977e-02
2.06500e+00 1.71698e-02
2.07500e+00 1.71371e-02
2.08500e+00 1.70964e-02
2.09500e+00 1.70444e-02
2.10500e+00 1.69782e-02
2.11500e+00 1.68994e-02
2.12500e+00 1.68145e-02
2.13500e+00 1.67304e-02
2.14500e+00 1.66538e-02
2.15500e+00 1.65910e-02
2.16500e+00 1.65406e-02
2.17500e+00 1.64935e-02
2.18500e+00 1.64402e-02
2.19500e+00 1.63712e-02
2.20500e+00 1.62785e-02
2.21500e+00 1.61912e-02
2.22500e+00 1.61351e-02
2.23500e+00 1.60965e-02
2.24500e+00 1.60597e-02
2.25500e+00 1.60095e-02
2.26500e+00 1.59414e-02
2.27500e+00 1.58614e-02
2.28500e+00 1.57761e-02
2.29500e+00 1.56919e-02
2.30500e+00 1.56152e-02
2.31500e+00 1.55460e-02
2.32500e+00 1.54780e-02
2.33500e+00 1.54048e-02
2.34500e+00 1.53199e-02
2.35500e+00 1.52171e-02
2.36500e+00 1.50984e-02
2.37500e+00 1.49739e-02
2.38600e+00 1.48426e-02
2.40000e+00 1.47053e-02
2.41800e+00 1.45856e-02
2.44000e+00 1.43533e-02
2.46600e+00 1.36301e-02
2.49600e+00 1.22112e-02
2.52800e+00 1.04479e-02
2.56000e+00 8.76037e-03
2.59200e+00 7.21483e-03
2.62400e+00 5.54280e-03
2.65600e+00 4.13543e-03
2.68800e+00 4.03542e-03
2.72000e+00 3.97145e-03
2.75200e+00 3.97145e-03
2.78400e+00 3.97145e-03
2.81600e+00 3.97145e-03
2.84800e+00 3.97145e-03
2.88000e+00 3.97145e-03
2.91200e+00 3.97145e-03
2.94400e+00 3.97145e-03
2.97600e+00 3.97145e-03
