2.42100e-01 1.74420e-01
2.48100e-01 1.67519e-01
2.53600e-01 1.73975e-01
2.58600e-01 1.74276e-01
2.63600e-01 1.77229e-01
2.68600e-01 1.82572e-01
2.73100e-01 1.80848e-01
2.77100e-01 1.87338e-01
2.81100e-01 1.89347e-01
2.85100e-01 1.95353e-01
2.89100e-01 1.92562e-01
2.93100e-01 1.92284e-01
2.97100e-01 1.96665e-01
3.01100e-01 2.04557e-01
3.05100e-01 2.06385e-01
3.09100e-01 2.09562e-01
3.13100e-01 2.12106e-01
3.17100e-01 2.19331e-01
3.21100e-01 2.20865e-01
3.25100e-01 2.29560e-01
3.29100e-01 2.31318e-01
3.33100e-01 2.34606e-01
3.37100e-01 2.40791e-01
3.41100e-01 2.47651e-01
3.45100e-01 2.55766e-01
3.49100e-01 2.59529e-01
3.53100e-01 2.76803e-01
3.57100e-01 2.81649e-01
3.60600e-01 2.87841e-01
3.63600e-01 2.91476e-01
3.66600e-01 2.95141e-01
3.69600e-01 2.98508e-01
3.72600e-01 3.02851e-01
3.75600e-01 3.07808e-01
3.78600e-01 3.12573e-01
3.81100e-01 3.17454e-01
3.83100e-01 3.18390e-01
3.85100e-01 3.20326e-01
3.87100e-01 3.25168e-01
3.89100e-01 3.26785e-01
3.91100e-01 3.30161e-01
3.93100e-01 3.31833e-01
3.95100e-01 3.35397e-01
3.97100e-01 3.37097e-01
3.99100e-01 3.38424e-01
4.01100e-01 3.41920e-01
4.03100e-01 3.42568e-01
4.05100e-01 3.44069e-01
4.07100e-01 3.45872e-01
4.09100e-01 3.47361e-01
4.11100e-01 3.49775e-01
4.12800e-01 3.51056e-01
4.15800e-01 3.53777e-01
4.18800e-01 3.55139e-01
4.21800e-01 3.57770e-01
4.24800e-01 3.61463e-01
4.27800e-01 3.62910e-01
4.30800e-01 3.66993e-01
4.33800e-01 3.70036e-01
4.36800e-01 3.72626e-01
4.39800e-01 3.75019e-01
4.42800e-01 3.77690e-01
4.45800e-01 3.79769e-01
4.48800e-01 3.81638e-01
4.51300e-01 3.82999e-01
4.53300e-01 3.82500e-01
4.55300e-01 3.84947e-01
4.57300e-01 3.85291e-01
4.59300e-01 3.84594e-01
4.61300e-01 3.85759e-01
4.63300e-01 3.86559e-01
4.65300e-01 3.87617e-01
4.67300e-01 3.88168e-01
4.69300e-01 3.88194e-01
4.71300e-01 3.89068e-01
4.73300e-01 3.89544e-01
4.75300e-01 3.90451e-01
4.77300e-01 3.91065e-01
4.79300e-01 3.93171e-01
4.81300e-01 3.94170e-01
4.83300e-01 3.93970e-01
4.85300e-01 3.95874e-01
4.87300e-01 3.95978e-01
4.89300e-01 3.97662e-01
4.91300e-01 3.98448e-01
4.93300e-01 4.00642e-01
4.95300e-01 4.01984e-01
4.97300e-01 4.03627e-01
4.99300e-01 4.04590e-01
5.01300e-01 4.05898e-01
5.03300e-01 4.07452e-01
5.05300e-01 4.08982e-01
5.07300e-01 4.09532e-01
5.09300e-01 4.12332e-01
5.11300e-01 4.13027e-01
5.13300e-01 4.15715e-01
5.15300e-01 4.16099e-01
5.17300e-01 4.17599e-01
5.19300e-01 4.19506e-01
5.21300e-01 4.22379e-01
5.23300e-01 4.22869e-01
5.25300e-01 4.24095e-01
5.27300e-01 4.25786e-01
5.29300e-01 4.27299e-01
5.31300e-01 4.28262e-01
5.33300e-01 4.30341e-01
5.35300e-01 4.31830e-01
5.37300e-01 4.33161e-01
5.39300e-01 4.34637e-01
5.41300e-01 4.36609e-01
5.43300e-01 4.37867e-01
5.45300e-01 4.39458e-01
5.47300e-01 4.41060e-01
5.49300e-01 4.41465e-01
5.51300e-01 4.42376e-01
5.53300e-01 4.43145e-01
5.55300e-01 4.45092e-01
5.57300e-01 4.46068e-01
5.59300e-01 4.46769e-01
5.61300e-01 4.47620e-01
5.63300e-01 4.49442e-01
5.65300e-01 4.50092e-01
5.67300e-01 4.51068e-01
5.69300e-01 4.52632e-01
5.71300e-01 4.53587e-01
5.73300e-01 4.54588e-01
5.75300e-01 4.56004e-01
5.77300e-01 4.57119e-01
5.79300e-01 4.58289e-01
5.81300e-01 4.59859e-01
5.83300e-01 4.60162e-01
5.85300e-01 4.61178e-01
5.87300e-01 4.62776e-01
5.89300e-01 4.64378e-01
5.91300e-01 4.64237e-01
5.93300e-01 4.64802e-01
5.95300e-01 4.63880e-01
5.97300e-01 4.65977e-01
5.99300e-01 4.65885e-01
6.01100e-01 4.65927e-01
6.02700e-01 4.66846e-01
6.04300e-01 4.67449e-01
6.05900e-01 4.67637e-01
6.07500e-01 4.67326e-01
6.09100e-01 4.68271e-01
6.10700e-01 4.69283e-01
6.12300e-01 4.69192e-01
6.13900e-01 4.71061e-01
6.15500e-01 4.69390e-01
6.17100e-01 4.70907e-01
6.18700e-01 4.71162e-01
6.20300e-01 4.72047e-01
6.21900e-01 4.72330e-01
6.23500e-01 4.72750e-01
6.25100e-01 4.74209e-01
6.26700e-01 4.73729e-01
6.28300e-01 4.74088e-01
6.29900e-01 4.75611e-01
6.31700e-01 4.76694e-01
6.33700e-01 4.76144e-01
6.35700e-01 4.77159e-01
6.37700e-01 4.78534e-01
6.39700e-01 4.78202e-01
6.41700e-01 4.79994e-01
6.43700e-01 4.80256e-01
6.45700e-01 4.80791e-01
6.47700e-01 4.81084e-01
6.49700e-01 4.81665e-01
6.51700e-01 4.83823e-01
6.53700e-01 4.84415e-01
6.55700e-01 4.84811e-01
6.57700e-01 4.86048e-01
6.59700e-01 4.87382e-01
6.61700e-01 4.91015e-01
6.63700e-01 4.91408e-01
6.65700e-01 4.94094e-01
6.67700e-01 4.91882e-01
6.70200e-01 4.92973e-01
6.73200e-01 4.92976e-01
6.76200e-01 4.95094e-01
6.79200e-01 4.96033e-01
6.82200e-01 4.98413e-01
6.85200e-01 4.99516e-01
6.88200e-01 5.00944e-01
6.91200e-01 5.02051e-01
6.94200e-01 5.05431e-01
6.97200e-01 5.04093e-01
7.00200e-01 5.05623e-01
7.02000e-01 5.05071e-01
7.04000e-01 5.06133e-01
7.06000e-01 5.07780e-01
7.08000e-01 5.08640e-01
7.10000e-01 5.08575e-01
7.12000e-01 5.09667e-01
7.14000e-01 5.11793e-01
7.16000e-01 5.12919e-01
7.18000e-01 5.13596e-01
7.20000e-01 5.13984e-01
7.22000e-01 5.13872e-01
7.24000e-01 5.16237e-01
7.26000e-01 5.16487e-01
7.28000e-01 5.18362e-01
7.30000e-01 5.18928e-01
7.32000e-01 5.19507e-01
7.34000e-01 5.20513e-01
7.36000e-01 5.21964e-01
7.38000e-01 5.22382e-01
7.40000e-01 5.23945e-01
7.42000e-01 5.24150e-01
7.44000e-01 5.25913e-01
7.46000e-01 5.25439e-01
7.48000e-01 5.28304e-01
7.50500e-01 5.28547e-01
7.53500e-01 5.31522e-01
7.56500e-01 5.30767e-01
7.59500e-01 5.33171e-01
7.62500e-01 5.33771e-01
7.65500e-01 5.35845e-01
7.68500e-01 5.37414e-01
7.71500e-01 5.39819e-01
7.74500e-01 5.40910e-01
7.77500e-01 5.40104e-01
7.81000e-01 5.43372e-01
7.85000e-01 5.43365e-01
7.89000e-01 5.45144e-01
7.93000e-01 5.47465e-01
7.97000e-01 5.49962e-01
8.01500e-01 5.50599e-01
8.06500e-01 5.52843e-01
8.11500e-01 5.54498e-01
8.16500e-01 5.56318e-01
8.22000e-01 5.58119e-01
8.28000e-01 5.58678e-01
8.35000e-01 5.58729e-01
8.43000e-01 5.61292e-01
8.51000e-01 5.61296e-01
8.59000e-01 5.62218e-01
8.71000e-01 5.64659e-01
8.83000e-01 5.64586e-01
8.94000e-01 5.72387e-01
9.04000e-01 5.75424e-01
9.14000e-01 5.75848e-01
9.24000e-01 5.77097e-01
9.33000e-01 5.81639e-01
9.41000e-01 5.80264e-01
9.49000e-01 5.81284e-01
9.57000e-01 5.84387e-01
9.64000e-01 5.87142e-01
9.70000e-01 5.85672e-01
9.76000e-01 5.86577e-01
9.82000e-01 5.89791e-01
9.88000e-01 5.90632e-01
9.94000e-01 5.88995e-01
1.00000e+00 5.93656e-01
1.00600e+00 5.93374e-01
1.01200e+00 5.93327e-01
1.01800e+00 5.96409e-01
1.02350e+00 5.96511e-01
1.02850e+00 5.98765e-01
1.03350e+00 6.00133e-01
1.03850e+00 5.98964e-01
1.04350e+00 6.01463e-01
1.04850e+00 6.01898e-01
1.05350e+00 6.03759e-01
1.05850e+00 6.02123e-01
1.06350e+00 6.02978e-01
1.06850e+00 6.04605e-01
1.07350e+00 6.06282e-01
1.07850e+00 6.06670e-01
1.08350e+00 6.07104e-01
1.08850e+00 6.07323e-01
1.09350e+00 6.07230e-01
1.09850e+00 6.09358e-01
1.10350e+00 6.07924e-01
1.10850e+00 6.10717e-01
1.11350e+00 6.11231e-01
1.11850e+00 6.11583e-01
1.12350e+00 6.10485e-01
1.12850e+00 6.10027e-01
1.13350e+00 6.11361e-01
1.13850e+00 6.15361e-01
1.14350e+00 6.12339e-01
1.14850e+00 6.14454e-01
1.15350e+00 6.14673e-01
1.15850e+00 6.15832e-01
1.16350e+00 6.15423e-01
1.16850e+00 6.14299e-01
1.17350e+00 6.15438e-01
1.17850e+00 6.17520e-01
1.18350e+00 6.15746e-01
1.18850e+00 6.19000e-01
1.19350e+00 6.17350e-01
1.19850e+00 6.18965e-01
1.20350e+00 6.18146e-01
1.20850e+00 6.18472e-01
1.21350e+00 6.17607e-01
1.21850e+00 6.19904e-01
1.22350e+00 6.18834e-01
1.22850e+00 6.19150e-01
1.23350e+00 6.21080e-01
1.23850e+00 6.19197e-01
1.24350e+00 6.22566e-01
1.24850e+00 6.21440e-01
1.25350e+00 6.21931e-01
1.25850e+00 6.21753e-01
1.26350e+00 6.21995e-01
1.26850e+00 6.23829e-01
1.27350e+00 6.21907e-01
1.27850e+00 6.24103e-01
1.28350e+00 6.22537e-01
1.28850e+00 6.24385e-01
1.29350e+00 6.23747e-01
1.29850e+00 6.23785e-01
1.30350e+00 6.26250e-01
1.30850e+00 6.26737e-01
1.31350e+00 6.26528e-01
1.31850e+00 6.27166e-01
1.32350e+00 6.25363e-01
1.32850e+00 6.26437e-01
1.33350e+00 6.27986e-01
1.33850e+00 6.27955e-01
1.34350e+00 6.26189e-01
1.34850e+00 6.28239e-01
1.35350e+00 6.27800e-01
1.35850e+00 6.29121e-01
1.36350e+00 6.26829e-01
1.36850e+00 6.27260e-01
1.37350e+00 6.28568e-01
1.37850e+00 6.27476e-01
1.38350e+00 6.28962e-01
1.38850e+00 6.28232e-01
1.39350e+00 6.27860e-01
1.39850e+00 6.27718e-01
1.40350e+00 6.24383e-01
1.40850e+00 6.23020e-01
1.41350e+00 6.21723e-01
1.41850e+00 6.22409e-01
1.42350e+00 6.23379e-01
1.42850e+00 6.25945e-01
1.43350e+00 6.24415e-01
1.43850e+00 6.24955e-01
1.44350e+00 6.25897e-01
1.44850e+00 6.27777e-01
1.45350e+00 6.26891e-01
1.45850e+00 6.27212e-01
1.46350e+00 6.29208e-01
1.46850e+00 6.32341e-01
1.47350e+00 6.31555e-01
1.47850e+00 6.32525e-01
1.48350e+00 6.33298e-01
1.48850e+00 6.33564e-01
1.49350e+00 6.33826e-01
1.49850e+00 6.30763e-01
1.50350e+00 6.31514e-01
1.50850e+00 6.33326e-01
1.51350e+00 6.33605e-01
1.51850e+00 6.36578e-01
1.52350e+00 6.34789e-01
1.52850e+00 6.36468e-01
1.53400e+00 6.38033e-01
1.54000e+00 6.37341e-01
1.54600e+00 6.38663e-01
1.55200e+00 6.36379e-01
1.55800e+00 6.41623e-01
1.56400e+00 6.40356e-01
1.57050e+00 6.37281e-01
1.57750e+00 6.40095e-01
1.58450e+00 6.41848e-01
1.59150e+00 6.41660e-01
1.59850e+00 6.39849e-01
1.60550e+00 6.41163e-01
1.61250e+00 6.41122e-01
1.61950e+00 6.40537e-01
1.62650e+00 6.43328e-01
1.63350e+00 6.42193e-01
1.64050e+00 6.45779e-01
1.64750e+00 6.43388e-01
1.65450e+00 6.43508e-01
1.66150e+00 6.44828e-01
1.66850e+00 6.44918e-01
1.67600e+00 6.42838e-01
1.68400e+00 6.40697e-01
1.69200e+00 6.46569e-01
1.70000e+00 6.49238e-01
1.70800e+00 6.46774e-01
1.71600e+00 6.47681e-01
1.72400e+00 6.43933e-01
1.73200e+00 6.47253e-01
1.74000e+00 6.43970e-01
1.74800e+00 6.50252e-01
1.75600e+00 6.50221e-01
1.76400e+00 6.46935e-01
1.77200e+00 6.50803e-01
1.78000e+00 6.50107e-01
1.78800e+00 6.48072e-01
1.79600e+00 6.48322e-01
1.80500e+00 6.48631e-01
1.81500e+00 6.47748e-01
1.82500e+00 6.43743e-01
1.83500e+00 6.48440e-01
1.84500e+00 6.48823e-01
1.85500e+00 6.49851e-01
1.86500e+00 6.42605e-01
1.87500e+00 6.45215e-01
1.88500e+00 6.37072e-01
1.89500e+00 6.24193e-01
1.90500e+00 6.16927e-01
1.91500e+00 6.09090e-01
1.92500e+00 6.06069e-01
1.93500e+00 6.07335e-01
1.94500e+00 6.09264e-01
1.95500e+00 6.11405e-01
1.96500e+00 6.15258e-01
1.97500e+00 6.18887e-01
1.98500e+00 6.23995e-01
1.99500e+00 6.30029e-01
2.00500e+00 6.31013e-01
2.01500e+00 6.33023e-01
2.02500e+00 6.35923e-01
2.03500e+00 6.41649e-01
2.04500e+00 6.43777e-01
2.05500e+00 6.45957e-01
2.06500e+00 6.45675e-01
2.07500e+00 6.47927e-01
2.08500e+00 6.47551e-01
2.09500e+00 6.52504e-01
2.10500e+00 6.57173e-01
2.11500e+00 6.55141e-01
2.12500e+00 6.59907e-01
2.13500e+00 6.59409e-01
2.14500e+00 6.54796e-01
2.15500e+00 6.55280e-01
2.16500e+00 6.52263e-01
2.17500e+00 6.53706e-01
2.18500e+00 6.47966e-01
2.19500e+00 6.52520e-01
2.20500e+00 6.44591e-01
2.21500e+00 6.49161e-01
2.22500e+00 6.48125e-01
2.23500e+00 6.50878e-01
2.24500e+00 6.52059e-01
2.25500e+00 6.54801e-01
2.26500e+00 6.53441e-01
2.27500e+00 6.53925e-01
2.28500e+00 6.54181e-01
2.29500e+00 6.56120e-01
2.30500e+00 6.50496e-01
2.31500e+00 6.50985e-01
2.32500e+00 6.53892e-01
2.33500e+00 6.54120e-01
2.34500e+00 6.50751e-01
2.35500e+00 6.45291e-01
2.36500e+00 6.51943e-01
2.37500e+00 6.52534e-01
2.38600e+00 6.46250e-01
2.40000e+00 6.45269e-01
2.41800e+00 6.41575e-01
2.44000e+00 6.33729e-01
2.46600e+00 6.26198e-01
2.49600e+00 6.22125e-01
2.52800e+00 6.16247e-01
2.56000e+00 6.06803e-01
2.59200e+00 6.04719e-01
2.62400e+00 6.01682e-01
2.65600e+00 5.77070e-01
2.68800e+00 4.64428e-01
2.72000e+00 2.88040e-01
2.75200e+00 2.42266e-01
2.78400e+00 2.28556e-01
2.81600e+00 2.18830e-01
2.84800e+00 1.98350e-01
2.88000e+00 1.79897e-01
2.91200e+00 1.69374e-01
2.94400e+00 1.68849e-01
2.97600e+00 1.58601e-01
