PRESS N2 O2 O3 H2O CH4 N2O CO2 CO
0.9772 0.740391621999 0.21 3.901E-09 0.01355 2.378E-05 3.741E-07 3.60E-02 3.422E-05
0.9336 0.741911631815 0.21 4.085E-09 0.01203 2.378E-05 3.741E-07 3.60E-02 3.421E-05
0.8918 0.743251641598 0.21 4.302E-09 0.01069 2.377E-05 3.741E-07 3.60E-02 3.421E-05
0.8516 0.74455265136 0.21 4.54E-09 0.009389 2.377E-05 3.741E-07 3.60E-02 3.42E-05
0.8129 0.745729651109 0.21 4.791E-09 0.008212 2.377E-05 3.741E-07 3.60E-02 3.42E-05
0.7757 0.746781650855 0.21 5.045E-09 0.00716 2.377E-05 3.741E-07 3.60E-02 3.42E-05
0.74 0.747735670704 0.21 5.296E-09 0.006206 2.376E-05 3.74E-07 3.60E-02 3.419E-05
0.7057 0.748617670462 0.21 5.538E-09 0.005324 2.376E-05 3.74E-07 3.60E-02 3.419E-05
0.6728 0.749446680233 0.21 5.767E-09 0.004495 2.376E-05 3.74E-07 3.60E-02 3.418E-05
0.6411 0.750161680019 0.21 5.981E-09 0.00378 2.376E-05 3.74E-07 3.60E-02 3.418E-05
0.6107 0.750779699816 0.21 6.184E-09 0.003162 2.375E-05 3.74E-07 3.60E-02 3.417E-05
0.5815 0.751327699619 0.21 6.381E-09 0.002614 2.375E-05 3.74E-07 3.60E-02 3.417E-05
0.5535 0.751810709419 0.21 6.581E-09 0.002131 2.375E-05 3.74E-07 3.60E-02 3.416E-05
0.5267 0.752218709304 0.21 6.796E-09 0.001723 2.375E-05 3.739E-07 3.60E-02 3.416E-05
0.5008 0.752577729065 0.21 7.035E-09 0.001364 2.374E-05 3.739E-07 3.60E-02 3.415E-05
0.4761 0.752874728793 0.21 7.307E-09 0.001067 2.374E-05 3.739E-07 3.60E-02 3.415E-05
0.4523 0.75311913848 0.21 7.62E-09 0.0008226 2.374E-05 3.739E-07 3.60E-02 3.414E-05
0.4294 0.753323538123 0.21 7.977E-09 0.0006182 2.374E-05 3.739E-07 3.60E-02 3.414E-05
0.4075 0.75348254772 0.21 8.38E-09 0.0004592 2.374E-05 3.739E-07 3.60E-02 3.413E-05
0.3864 0.753608757253 0.21 8.847E-09 0.000333 2.373E-05 3.739E-07 3.60E-02 3.413E-05
0.3662 0.753705166778 0.21 9.422E-09 0.0002366 2.373E-05 3.738E-07 3.60E-02 3.412E-05
0.3467 0.753775876 0.21 1.02E-08 0.0001659 2.373E-05 3.738E-07 3.60E-02 3.411E-05
0.3281 0.75392959462 0.21 1.158E-08 1.22E-05 2.372E-05 3.738E-07 3.60E-02 3.41E-05
0.3102 0.7539337041 0.21 1.42E-08 8.108E-06 2.372E-05 3.737E-07 3.60E-02 3.408E-05
0.293 0.75393488339 0.21 1.801E-08 6.975E-06 2.37E-05 3.736E-07 3.60E-02 3.405E-05
0.2766 0.75393499829 0.21 2.321E-08 6.905E-06 2.369E-05 3.735E-07 3.60E-02 3.401E-05
0.2609 0.75393506922 0.21 3.148E-08 6.906E-06 2.367E-05 3.733E-07 3.60E-02 3.395E-05
0.246 0.7539351748 0.21 4.41E-08 6.908E-06 2.364E-05 3.731E-07 3.60E-02 3.386E-05
0.2319 0.75393529711 0.21 6.009E-08 6.91E-06 2.361E-05 3.728E-07 3.60E-02 3.375E-05
0.2185 0.75393543677 0.21 7.883E-08 6.912E-06 2.357E-05 3.724E-07 3.60E-02 3.363E-05
0.2058 0.7539355917 0.21 1.013E-07 6.915E-06 2.353E-05 3.72E-07 3.60E-02 3.349E-05
0.1938 0.753935783 0.21 1.275E-07 6.918E-06 2.348E-05 3.715E-07 3.60E-02 3.332E-05
0.1825 0.7539359795 0.21 1.575E-07 6.922E-06 2.343E-05 3.71E-07 3.60E-02 3.314E-05
0.1718 0.7539361828 0.21 1.907E-07 6.926E-06 2.338E-05 3.705E-07 3.60E-02 3.295E-05
0.1617 0.7539364035 0.21 2.266E-07 6.93E-06 2.333E-05 3.699E-07 3.60E-02 3.274E-05
0.1521 0.753936641 0.21 2.648E-07 6.935E-06 2.327E-05 3.692E-07 3.60E-02 3.252E-05
0.1431 0.7539368659 0.21 3.055E-07 6.94E-06 2.322E-05 3.686E-07 3.60E-02 3.23E-05
0.1346 0.7539370986 0.21 3.485E-07 6.945E-06 2.317E-05 3.679E-07 3.60E-02 3.207E-05
0.1266 0.7539373384 0.21 3.933E-07 6.951E-06 2.312E-05 3.673E-07 3.60E-02 3.183E-05
0.119 0.7539375682 0.21 4.392E-07 6.956E-06 2.307E-05 3.666E-07 3.60E-02 3.16E-05
0.1119 0.7539378075 0.21 4.856E-07 6.961E-06 2.302E-05 3.659E-07 3.60E-02 3.136E-05
0.1051 0.7539380253 0.21 5.325E-07 6.967E-06 2.298E-05 3.652E-07 3.60E-02 3.113E-05
0.09878 0.7539382522 0.21 5.802E-07 6.973E-06 2.293E-05 3.646E-07 3.60E-02 3.09E-05
0.09279 0.7539384693 0.21 6.288E-07 6.978E-06 2.289E-05 3.639E-07 3.60E-02 3.067E-05
0.08714 0.753938675 0.21 6.777E-07 6.984E-06 2.285E-05 3.633E-07 3.60E-02 3.045E-05
0.08182 0.7539388714 0.21 7.27E-07 6.989E-06 2.282E-05 3.626E-07 3.60E-02 3.023E-05
0.0768 0.7539390762 0.21 7.768E-07 6.995E-06 2.278E-05 3.62E-07 3.60E-02 3.001E-05
0.07207 0.7539392605 0.21 8.271E-07 7.001E-06 2.275E-05 3.614E-07 3.60E-02 2.98E-05
0.06762 0.7539394453 0.21 8.779E-07 7.006E-06 2.272E-05 3.608E-07 3.60E-02 2.959E-05
0.06342 0.7539396284 0.21 9.294E-07 7.012E-06 2.269E-05 3.602E-07 3.60E-02 2.938E-05
0.05947 0.7539397918 0.21 9.816E-07 7.017E-06 2.267E-05 3.596E-07 3.60E-02 2.918E-05
0.05575 0.753939963 0.21 1.035E-06 7.023E-06 2.264E-05 3.59E-07 3.60E-02 2.898E-05
0.05224 0.7539401346 0.21 1.089E-06 7.028E-06 2.261E-05 3.584E-07 3.60E-02 2.878E-05
0.04895 0.7539402942 0.21 1.144E-06 7.034E-06 2.259E-05 3.578E-07 3.60E-02 2.858E-05
0.04585 0.7539404537 0.21 1.2E-06 7.039E-06 2.257E-05 3.573E-07 3.60E-02 2.838E-05
0.04294 0.7539406103 0.21 1.258E-06 7.045E-06 2.255E-05 3.567E-07 3.60E-02 2.818E-05
0.0402 0.7539407569 0.21 1.316E-06 7.051E-06 2.253E-05 3.561E-07 3.60E-02 2.799E-05
0.03764 0.7539409125 0.21 1.376E-06 7.056E-06 2.251E-05 3.555E-07 3.60E-02 2.779E-05
0.03523 0.7539410561 0.21 1.437E-06 7.062E-06 2.249E-05 3.549E-07 3.60E-02 2.76E-05
0.03297 0.7539412067 0.21 1.501E-06 7.068E-06 2.247E-05 3.543E-07 3.60E-02 2.74E-05
0.03085 0.7539413553 0.21 1.567E-06 7.074E-06 2.245E-05 3.537E-07 3.60E-02 2.72E-05
0.02885 0.7539415029 0.21 1.634E-06 7.08E-06 2.243E-05 3.531E-07 3.60E-02 2.7E-05
0.02699 0.7539416295 0.21 1.702E-06 7.086E-06 2.242E-05 3.525E-07 3.60E-02 2.681E-05
0.02524 0.7539417741 0.21 1.772E-06 7.092E-06 2.24E-05 3.519E-07 3.60E-02 2.661E-05
0.02359 0.7539419167 0.21 1.844E-06 7.098E-06 2.238E-05 3.513E-07 3.60E-02 2.641E-05
0.02205 0.7539420473 0.21 1.918E-06 7.104E-06 2.237E-05 3.507E-07 3.60E-02 2.621E-05
0.02061 0.7539421859 0.21 1.994E-06 7.11E-06 2.235E-05 3.501E-07 3.60E-02 2.601E-05
0.01925 0.7539423105 0.21 2.073E-06 7.117E-06 2.234E-05 3.495E-07 3.60E-02 2.581E-05
0.01798 0.7539424452 0.21 2.153E-06 7.123E-06 2.233E-05 3.488E-07 3.60E-02 2.56E-05
0.01679 0.7539425758 0.21 2.236E-06 7.13E-06 2.231E-05 3.482E-07 3.60E-02 2.54E-05
0.01568 0.7539427055 0.21 2.321E-06 7.136E-06 2.23E-05 3.475E-07 3.60E-02 2.519E-05
0.01464 0.7539428221 0.21 2.408E-06 7.143E-06 2.229E-05 3.469E-07 3.60E-02 2.499E-05
0.01367 0.7539429578 0.21 2.496E-06 7.15E-06 2.227E-05 3.462E-07 3.60E-02 2.478E-05
0.01276 0.7539430734 0.21 2.585E-06 7.156E-06 2.226E-05 3.456E-07 3.60E-02 2.458E-05
0.01191 0.753943186 0.21 2.676E-06 7.163E-06 2.225E-05 3.45E-07 3.60E-02 2.438E-05
0.01111 0.7539432967 0.21 2.769E-06 7.17E-06 2.224E-05 3.443E-07 3.60E-02 2.418E-05
0.01037 0.7539434063 0.21 2.864E-06 7.176E-06 2.223E-05 3.437E-07 3.60E-02 2.398E-05
0.00967 0.753943514 0.21 2.96E-06 7.183E-06 2.222E-05 3.43E-07 3.60E-02 2.378E-05
0.00902 0.7539436197 0.21 3.058E-06 7.19E-06 2.221E-05 3.423E-07 3.60E-02 2.358E-05
0.008412 0.7539437253 0.21 3.157E-06 7.196E-06 2.22E-05 3.417E-07 3.60E-02 2.338E-05
0.007844 0.753943818 0.21 3.258E-06 7.203E-06 2.219E-05 3.41E-07 3.60E-02 2.319E-05
0.007313 0.7539439206 0.21 3.36E-06 7.209E-06 2.218E-05 3.404E-07 3.60E-02 2.299E-05
0.006816 0.7539440093 0.21 3.465E-06 7.216E-06 2.217E-05 3.397E-07 3.60E-02 2.28E-05
0.006352 0.7539441059 0.21 3.572E-06 7.223E-06 2.216E-05 3.391E-07 3.60E-02 2.26E-05
0.005918 0.7539441916 0.21 3.681E-06 7.229E-06 2.215E-05 3.384E-07 3.60E-02 2.241E-05
0.005513 0.7539442652 0.21 3.791E-06 7.236E-06 2.215E-05 3.378E-07 3.60E-02 2.222E-05
0.005134 0.7539443488 0.21 3.902E-06 7.242E-06 2.214E-05 3.372E-07 3.60E-02 2.203E-05
0.00478 0.7539444305 0.21 4.014E-06 7.249E-06 2.213E-05 3.365E-07 3.60E-02 2.184E-05
0.00445 0.7539445011 0.21 4.128E-06 7.255E-06 2.212E-05 3.359E-07 3.60E-02 2.166E-05
0.004141 0.7539445687 0.21 4.244E-06 7.262E-06 2.211E-05 3.353E-07 3.60E-02 2.148E-05
0.003852 0.7539446244 0.21 4.363E-06 7.268E-06 2.211E-05 3.346E-07 3.60E-02 2.13E-05
0.003583 0.753944686 0.21 4.486E-06 7.274E-06 2.21E-05 3.34E-07 3.60E-02 2.112E-05
0.003331 0.7539447466 0.21 4.61E-06 7.28E-06 2.209E-05 3.334E-07 3.60E-02 2.094E-05
0.003097 0.7539447952 0.21 4.735E-06 7.287E-06 2.209E-05 3.328E-07 3.60E-02 2.076E-05
0.002878 0.7539448418 0.21 4.863E-06 7.293E-06 2.208E-05 3.322E-07 3.60E-02 2.059E-05
0.002674 0.7539448764 0.21 4.994E-06 7.298E-06 2.208E-05 3.316E-07 3.60E-02 2.042E-05
0.002483 0.753944917 0.21 5.128E-06 7.304E-06 2.207E-05 3.31E-07 3.60E-02 2.025E-05
0.002306 0.7539449546 0.21 5.265E-06 7.31E-06 2.206E-05 3.304E-07 3.60E-02 2.008E-05
0.00214 0.7539449812 0.21 5.403E-06 7.316E-06 2.206E-05 3.298E-07 3.60E-02 1.991E-05
0.001987 0.7539450057 0.21 5.543E-06 7.322E-06 2.205E-05 3.293E-07 3.60E-02 1.975E-05
0.001843 0.7539450293 0.21 5.685E-06 7.327E-06 2.205E-05 3.287E-07 3.60E-02 1.958E-05
0.00171 0.7539450498 0.21 5.829E-06 7.333E-06 2.204E-05 3.282E-07 3.60E-02 1.942E-05
0.001586 0.7539450594 0.21 5.975E-06 7.338E-06 2.204E-05 3.276E-07 3.60E-02 1.926E-05
0.001471 0.7539450759 0.21 6.124E-06 7.343E-06 2.203E-05 3.271E-07 3.60E-02 1.91E-05
0.001364 0.7539450785 0.21 6.276E-06 7.349E-06 2.203E-05 3.265E-07 3.60E-02 1.894E-05
0.001265 0.753945081 0.21 6.429E-06 7.354E-06 2.202E-05 3.26E-07 3.60E-02 1.879E-05
0.001173 0.7539450815 0.21 6.584E-06 7.359E-06 2.202E-05 3.255E-07 3.60E-02 1.863E-05
0.001087 0.75394509 0.21 6.741E-06 7.364E-06 2.201E-05 3.25E-07 3.60E-02 1.847E-05
0.001008 0.7539450766 0.21 6.899E-06 7.37E-06 2.201E-05 3.244E-07 3.60E-02 1.832E-05
0.0009345 0.7539450821 0.21 7.059E-06 7.375E-06 2.2E-05 3.239E-07 3.60E-02 1.816E-05
0.0008663 0.7539450756 0.21 7.221E-06 7.38E-06 2.2E-05 3.234E-07 3.60E-02 1.8E-05
0.000803 0.7539450591 0.21 7.383E-06 7.385E-06 2.2E-05 3.229E-07 3.60E-02 1.785E-05
0.0007444 0.7539450606 0.21 7.547E-06 7.39E-06 2.199E-05 3.224E-07 3.60E-02 1.769E-05
0.00069 0.7539450501 0.21 7.712E-06 7.396E-06 2.199E-05 3.219E-07 3.60E-02 1.753E-05
0.0006396 0.7539450496 0.21 7.878E-06 7.401E-06 2.198E-05 3.214E-07 3.60E-02 1.737E-05
0.0005929 0.7539450491 0.21 8.044E-06 7.406E-06 2.198E-05 3.209E-07 3.60E-02 1.72E-05
0.0005496 0.7539450376 0.21 8.211E-06 7.411E-06 2.198E-05 3.204E-07 3.60E-02 1.704E-05
0.0005093 0.7539450441 0.21 8.379E-06 7.417E-06 2.197E-05 3.199E-07 3.60E-02 1.687E-05
0.000472 0.7539450415 0.21 8.547E-06 7.422E-06 2.197E-05 3.195E-07 3.60E-02 1.67E-05
0.0004374 0.753945047 0.21 8.716E-06 7.428E-06 2.196E-05 3.19E-07 3.60E-02 1.653E-05
0.0004052 0.7539450435 0.21 8.885E-06 7.433E-06 2.196E-05 3.185E-07 3.60E-02 1.636E-05
0.0003754 0.753945049 0.21 9.054E-06 7.439E-06 2.196E-05 3.18E-07 3.60E-02 1.618E-05
0.0003477 0.7539450645 0.21 9.223E-06 7.445E-06 2.195E-05 3.175E-07 3.60E-02 1.6E-05
0.0003219 0.75394508 0.21 9.392E-06 7.451E-06 2.195E-05 3.17E-07 3.60E-02 1.581E-05
0.0002979 0.7539450964 0.21 9.56E-06 7.457E-06 2.194E-05 3.166E-07 3.60E-02 1.563E-05
0.0002757 0.7539451119 0.21 9.729E-06 7.463E-06 2.194E-05 3.161E-07 3.60E-02 1.544E-05
0.000255 0.7539451484 0.21 9.897E-06 7.469E-06 2.193E-05 3.156E-07 3.60E-02 1.524E-05
0.0002358 0.7539451799 0.21 1.006E-05 7.475E-06 2.193E-05 3.151E-07 3.60E-02 1.504E-05
0.0002179 0.7539452043 0.21 1.023E-05 7.481E-06 2.193E-05 3.147E-07 3.60E-02 1.484E-05
0.0002013 0.7539452478 0.21 1.04E-05 7.488E-06 2.192E-05 3.142E-07 3.60E-02 1.463E-05
0.0001859 0.7539452913 0.21 1.056E-05 7.495E-06 2.192E-05 3.137E-07 3.60E-02 1.442E-05
0.0001716 0.7539453458 0.21 1.073E-05 7.501E-06 2.191E-05 3.132E-07 3.60E-02 1.42E-05
0.0001583 0.7539453992 0.21 1.089E-05 7.508E-06 2.191E-05 3.128E-07 3.60E-02 1.398E-05
0.0001459 0.7539454717 0.21 1.105E-05 7.516E-06 2.19E-05 3.123E-07 3.60E-02 1.375E-05
0.0001345 0.7539455352 0.21 1.121E-05 7.523E-06 2.19E-05 3.118E-07 3.60E-02 1.352E-05
0.0001238 0.7539456186 0.21 1.137E-05 7.53E-06 2.189E-05 3.114E-07 3.60E-02 1.328E-05
0.000114 0.7539457111 0.21 1.152E-05 7.538E-06 2.189E-05 3.109E-07 3.60E-02 1.303E-05
0.0001048 0.7539458036 0.21 1.168E-05 7.546E-06 2.188E-05 3.104E-07 3.60E-02 1.278E-05
9.637E-05 0.753945906 0.21 1.183E-05 7.554E-06 2.188E-05 3.1E-07 3.60E-02 1.252E-05
8.854E-05 0.7539460285 0.21 1.197E-05 7.562E-06 2.187E-05 3.095E-07 3.60E-02 1.226E-05
8.13E-05 0.753946151 0.21 1.211E-05 7.57E-06 2.187E-05 3.09E-07 3.60E-02 1.199E-05
7.461E-05 0.7539462924 0.21 1.225E-05 7.579E-06 2.186E-05 3.086E-07 3.60E-02 1.171E-05
6.844E-05 0.7539464339 0.21 1.238E-05 7.588E-06 2.186E-05 3.081E-07 3.60E-02 1.143E-05
6.275E-05 0.7539465953 0.21 1.251E-05 7.597E-06 2.185E-05 3.077E-07 3.60E-02 1.114E-05
5.75E-05 0.7539467568 0.21 1.263E-05 7.606E-06 2.185E-05 3.072E-07 3.60E-02 1.085E-05
5.268E-05 0.7539469483 0.21 1.274E-05 7.615E-06 2.184E-05 3.067E-07 3.60E-02 1.055E-05
4.824E-05 0.7539471487 0.21 1.284E-05 7.625E-06 2.184E-05 3.063E-07 3.60E-02 1.024E-05
4.416E-05 0.7539473542 0.21 1.294E-05 7.635E-06 2.183E-05 3.058E-07 3.60E-02 9.935E-06
4.042E-05 0.7539475867 0.21 1.302E-05 7.645E-06 2.182E-05 3.053E-07 3.60E-02 9.623E-06
3.698E-05 0.7539478211 0.21 1.309E-05 7.655E-06 2.182E-05 3.049E-07 3.60E-02 9.309E-06
3.383E-05 0.7539480866 0.21 1.314E-05 7.666E-06 2.181E-05 3.044E-07 3.60E-02 8.993E-06
3.095E-05 0.7539483531 0.21 1.318E-05 7.676E-06 2.181E-05 3.039E-07 3.60E-02 8.677E-06
2.831E-05 0.7539486485 0.21 1.32E-05 7.687E-06 2.18E-05 3.035E-07 3.60E-02 8.361E-06
2.589E-05 0.753948962 0.21 1.32E-05 7.697E-06 2.179E-05 3.03E-07 3.60E-02 8.048E-06
2.368E-05 0.7539492815 0.21 1.318E-05 7.708E-06 2.179E-05 3.025E-07 3.60E-02 7.738E-06
2.166E-05 0.753949637 0.21 1.313E-05 7.719E-06 2.178E-05 3.02E-07 3.60E-02 7.432E-06
1.982E-05 0.7539500154 0.21 1.305E-05 7.73E-06 2.177E-05 3.016E-07 3.60E-02 7.133E-06
1.813E-05 0.7539503969 0.21 1.295E-05 7.741E-06 2.177E-05 3.011E-07 3.60E-02 6.841E-06
1.66E-05 0.7539508094 0.21 1.282E-05 7.752E-06 2.176E-05 3.006E-07 3.60E-02 6.558E-06
1.519E-05 0.7539512518 0.21 1.265E-05 7.763E-06 2.175E-05 3.002E-07 3.60E-02 6.285E-06
1.391E-05 0.7539517043 0.21 1.245E-05 7.775E-06 2.175E-05 2.997E-07 3.60E-02 6.021E-06
1.274E-05 0.7539522088 0.21 1.22E-05 7.786E-06 2.174E-05 2.992E-07 3.60E-02 5.766E-06
1.168E-05 0.7539527343 0.21 1.192E-05 7.797E-06 2.173E-05 2.987E-07 3.60E-02 5.52E-06
1.07E-05 0.7539532767 0.21 1.161E-05 7.809E-06 2.172E-05 2.983E-07 3.60E-02 5.286E-06
9.813E-06 0.7539538472 0.21 1.125E-05 7.821E-06 2.172E-05 2.978E-07 3.60E-02 5.064E-06
9.001E-06 0.7539544347 0.21 1.087E-05 7.832E-06 2.171E-05 2.973E-07 3.60E-02 4.856E-06
8.259E-06 0.7539550472 0.21 1.045E-05 7.844E-06 2.17E-05 2.968E-07 3.60E-02 4.662E-06
7.581E-06 0.7539556638 0.21 1.001E-05 7.856E-06 2.169E-05 2.962E-07 3.60E-02 4.484E-06
6.961E-06 0.7539562943 0.21 9.541E-06 7.867E-06 2.168E-05 2.957E-07 3.60E-02 4.322E-06
6.393E-06 0.7539569078 0.21 9.061E-06 7.879E-06 2.168E-05 2.952E-07 3.60E-02 4.177E-06
5.874E-06 0.7539575283 0.21 8.569E-06 7.89E-06 2.167E-05 2.947E-07 3.60E-02 4.048E-06
5.398E-06 0.7539581358 0.21 8.071E-06 7.901E-06 2.166E-05 2.942E-07 3.60E-02 3.938E-06
4.963E-06 0.7539587253 0.21 7.573E-06 7.913E-06 2.165E-05 2.937E-07 3.60E-02 3.845E-06
4.563E-06 0.7539592949 0.21 7.078E-06 7.924E-06 2.164E-05 2.931E-07 3.60E-02 3.77E-06
4.198E-06 0.7539598364 0.21 6.593E-06 7.935E-06 2.163E-05 2.926E-07 3.60E-02 3.713E-06
3.862E-06 0.7539603379 0.21 6.119E-06 7.946E-06 2.163E-05 2.921E-07 3.60E-02 3.675E-06
3.555E-06 0.7539608155 0.21 5.661E-06 7.956E-06 2.162E-05 2.915E-07 3.60E-02 3.656E-06
3.272E-06 0.753961256 0.21 5.22E-06 7.967E-06 2.161E-05 2.91E-07 3.60E-02 3.656E-06
3.014E-06 0.7539616565 0.21 4.8E-06 7.978E-06 2.16E-05 2.905E-07 3.60E-02 3.675E-06
2.776E-06 0.753962017 0.21 4.4E-06 7.988E-06 2.159E-05 2.9E-07 3.60E-02 3.715E-06
2.558E-06 0.7539623345 0.21 4.023E-06 7.998E-06 2.158E-05 2.895E-07 3.60E-02 3.775E-06
2.357E-06 0.753962609 0.21 3.667E-06 8.008E-06 2.157E-05 2.89E-07 3.60E-02 3.857E-06
2.173E-06 0.7539628405 0.21 3.333E-06 8.018E-06 2.156E-05 2.885E-07 3.60E-02 3.96E-06
2.004E-06 0.753963026 0.21 3.021E-06 8.028E-06 2.155E-05 2.88E-07 3.60E-02 4.087E-06
1.849E-06 0.7539631695 0.21 2.729E-06 8.037E-06 2.154E-05 2.875E-07 3.60E-02 4.237E-06
1.706E-06 0.753963268 0.21 2.457E-06 8.047E-06 2.153E-05 2.87E-07 3.60E-02 4.411E-06
1.575E-06 0.7539633194 0.21 2.205E-06 8.057E-06 2.152E-05 2.866E-07 3.60E-02 4.612E-06
1.454E-06 0.7539633279 0.21 1.97E-06 8.067E-06 2.151E-05 2.861E-07 3.60E-02 4.839E-06
1.343E-06 0.7539632903 0.21 1.753E-06 8.076E-06 2.15E-05 2.857E-07 3.60E-02 5.095E-06
1.241E-06 0.7539632067 0.21 1.552E-06 8.086E-06 2.149E-05 2.853E-07 3.60E-02 5.38E-06
1.147E-06 0.7539630771 0.21 1.366E-06 8.096E-06 2.148E-05 2.849E-07 3.60E-02 5.696E-06
1.06E-06 0.7539629084 0.21 1.196E-06 8.106E-06 2.146E-05 2.846E-07 3.60E-02 6.045E-06
9.805E-07 0.7539626828 0.21 1.039E-06 8.117E-06 2.145E-05 2.842E-07 3.60E-02 6.427E-06
9.071E-07 0.7539624078 0.21 8.953E-07 8.127E-06 2.144E-05 2.839E-07 3.60E-02 6.846E-06
8.395E-07 0.7539620949 0.21 7.625E-07 8.138E-06 2.142E-05 2.836E-07 3.60E-02 7.301E-06
7.773E-07 0.7539617213 0.21 6.393E-07 8.149E-06 2.141E-05 2.834E-07 3.60E-02 7.797E-06
7.199E-07 0.7539613034 0.21 5.294E-07 8.159E-06 2.139E-05 2.832E-07 3.60E-02 8.335E-06
6.67E-07 0.7539607952 0.21 4.558E-07 8.163E-06 2.138E-05 2.83E-07 3.60E-02 8.923E-06
6.182E-07 0.7539601383 0.21 4.938E-07 8.154E-06 2.136E-05 2.829E-07 3.60E-02 9.571E-06
5.732E-07 0.7539592041 0.21 7.551E-07 8.138E-06 2.134E-05 2.828E-07 3.60E-02 1.028E-05
